724.679
157.597
137.613
136.675
136.949
136.823
136.770
136.652
140.730
136.709
136.738
137.638
137.358
137.068
136.866
136.666
137.058
137.891
137.269
138.321
137.140
138.109
137.500
136.970
137.144
137.483
138.116
137.741
137.939
137.385
136.652
137.763
136.924
137.034
137.769
138.113
137.562
138.204
137.762
138.728
138.011
137.335
139.884
143.319
138.706
137.453
137.598
138.588
137.592
137.767
136.242
138.669
142.207
137.663
138.341
137.101
139.262
137.484
137.537
138.712
139.081
136.669
139.548
138.163
138.716
144.687
137.929
141.129
137.518
138.702
138.902
140.142
138.059
139.365
137.571
139.231
138.337
137.678
138.641
138.250
145.216
146.534
140.617
138.232
153.250
143.753
139.242
157.258
141.858
141.253
140.096
137.818
139.780
140.062
146.832
148.282
158.618
140.039
139.202
139.742
138.463
142.536
139.090
146.348
139.871
140.351
138.784
141.485
145.161
139.410
140.129
140.265
138.783
140.754
140.357
139.912
139.894
138.448
140.711
139.742
140.165
139.720
140.854
140.352
139.030
140.430
138.637
140.393
138.751
141.064
139.123
139.879
140.675
139.902
157.077
138.985
139.808
150.733
139.847
142.942
139.825
140.419
139.277
152.730
142.996
143.469
140.644
140.295
143.108
150.926
139.129
139.765
139.683
141.001
139.763
139.946
143.009
140.460
141.338
141.195
139.131
139.884
139.953
139.260
140.596
140.673
149.345
140.006
140.297
140.653
141.419
141.757
156.813
139.566
141.147
139.596
139.660
151.159
146.965
143.159
141.629
146.344
147.157
141.564
142.917
148.425
145.153
145.110
143.574
153.503
148.141
146.289
143.046
142.347
148.989
141.691
141.514
141.069
142.829
140.488
140.371
140.130
141.014
141.707
140.538
142.724
141.334
141.860
143.082
141.166
140.692
142.101
139.791
141.025
145.679
142.007
140.870
141.968
139.976
145.234
141.029
145.674
155.214
140.809
141.409
142.865
141.198
141.428
140.914
140.774
150.031
152.724
143.576
148.683
144.440
142.413
143.510
142.049
142.771
149.100
142.720
141.691
140.615
141.003
141.440
140.453
148.882
151.458
141.749
140.400
141.209
143.066
143.351
143.202
151.337
142.259
142.268
144.315
141.742
139.754
141.844
142.899
140.773
141.343
142.250
141.948
145.680
142.194
144.068
143.520
151.571
151.002
149.496
144.455
152.735
144.193
143.799
143.474
142.226
140.950
142.326
143.775
152.769
142.590
143.654
143.566
141.711
140.871
142.958
143.425
148.000
148.167
141.460
143.201
142.375
141.000
141.943
148.453
144.093
143.113
142.892
142.755
142.411
141.865
151.605
147.597
143.069
145.831
155.681
141.160
146.955
142.692
143.725
144.375
142.137
143.309
143.714
142.433
144.891
145.221
143.843
141.724
140.676
143.086
162.381
141.511
143.308
154.529
143.698
146.704
149.051
157.309
144.907
143.711
141.431
152.763
141.904
143.072
146.121
150.593
145.338
143.739
148.040
158.045
142.481
142.767
145.015
142.401
141.129
141.445
141.438
142.326
140.708
140.626
141.410
141.998
142.438
141.963
141.521
143.240
142.053
142.355
142.228
140.939
142.660
142.595
143.162
144.094
142.640
141.285
142.222
141.402
143.295
144.386
141.722
142.554
140.460
141.133
141.004
141.936
141.341
142.970
141.332
142.285
141.257
142.187
141.576
142.323
144.199
147.357
141.403
143.660
141.420
143.586
142.807
140.952
141.316
141.276
142.293
144.459
141.605
141.734
141.884
141.399
142.036
142.461
142.096
143.730
140.944
143.148
142.772
141.878
145.476
142.674
142.123
141.647
142.594
141.877
141.392
143.217
141.672
142.430
142.500
145.068
141.542
141.309
141.731
140.847
141.569
142.701
142.169
141.261
142.092
140.961
141.925
141.857
142.232
143.517
142.076
141.688
142.609
142.355
142.577
143.817
141.673
141.968
143.017
144.644
144.641
142.469
141.872
142.941
143.014
142.096
141.335
142.585
141.472
143.641
142.280
141.855
142.656
143.108
142.416
143.922
142.452
142.307
142.970
143.300
140.785
143.773
144.447
142.422
142.688
143.390
142.900
141.359
145.731
142.801
141.681
141.061
142.391
141.834
149.152
141.638
142.107
142.682
156.101
142.495
142.904
143.205
143.320
144.476
147.512
142.811
142.012
150.468
142.674
142.110
142.127
142.872
142.850
142.683
142.293
141.327
142.074
144.058
142.907
142.225
142.727
143.160
142.550
143.314
141.801
142.825
149.640
141.217
142.096
142.287
143.204
142.067
141.326
141.514
143.146
142.969
142.773
144.990
142.188
145.589
142.378
145.108
141.992
142.044
141.136
143.463
141.113
141.625
142.071
149.388
141.401
142.006
142.250
143.490
142.970
141.739
143.096
142.941
142.422
146.936
143.320
142.631
146.220
142.591
142.101
143.374
143.502
142.458
142.443
142.312
142.739
144.116
143.020
146.936
142.167
144.454
144.611
141.950
142.673
142.759
143.047
144.128
144.621
142.955
141.609
142.332
144.028
142.808
144.249
142.223
142.025
142.852
141.994
147.497
143.124
143.656
142.550
144.060
144.334
142.418
141.795
143.782
142.933
142.743
143.186
144.338
143.570
144.085
143.645
142.358
143.305
143.043
144.948
142.030
142.152
143.994
142.231
142.652
143.546
143.607
144.442
141.963
143.096
143.129
142.020
144.414
145.216
142.068
142.504
143.421
144.867
142.654
144.154
144.751
144.026
144.560
142.590
144.034
143.183
143.434
142.949
143.397
150.523
149.172
143.124
142.505
142.868
142.604
142.007
144.127
145.602
142.118
144.285
144.720
144.669
146.764
143.508
142.566
145.136
146.213
143.164
142.800
144.222
143.185
143.669
143.563
142.438
141.537
142.574
144.341
142.765
143.443
143.526
142.459
142.825
142.675
142.642
143.235
143.234
143.937
142.123
143.225
142.734
143.596
142.447
142.174
145.811
143.220
143.104
144.079
142.850
142.835
144.033
143.311
143.384
143.536
142.605
143.314
145.571
144.132
144.007
142.089
141.658
142.066
142.029
142.635
142.582
141.082
143.888
143.508
143.100
144.879
144.150
143.157
142.732
142.880
143.258
143.033
143.237
148.809
142.509
143.362
142.802
143.627
153.087
142.103
145.428
146.131
142.224
141.466
141.822
143.272
143.016
143.753
142.440
143.209
141.558
142.181
142.143
142.764
142.159
142.577
144.574
143.674
142.154
143.119
142.491
142.025
144.828
142.531
143.319
142.263
153.862
142.460
143.310
143.705
142.837
143.117
142.327
142.892
145.149
142.876
151.606
142.233
142.298
141.793
142.420
143.074
148.560
142.828
143.427
144.812
144.243
142.750
143.943
141.327
142.157
142.552
142.844
145.456
142.662
142.395
142.987
143.650
142.126
141.907
147.054
144.579
142.288
142.989
143.062
143.379
141.634
143.959
142.431
143.910
142.683
143.350
142.909
142.792
141.356
142.418
142.943
142.876
143.111
142.518
145.977
141.901
142.233
141.654
142.709
142.500
146.343
143.194
144.115
141.868
142.914
142.717
142.512
145.335
143.028
143.654
144.063
143.584
143.902
143.183
142.451
142.187
152.766
141.972
144.019
143.113
145.337
151.462
142.863
143.409
142.411
141.946
142.051
146.456
143.174
144.188
142.095
143.287
142.953
142.725
143.320
143.232
142.254
142.530
143.111
142.475
142.153
142.345
146.133
143.289
143.788
143.295
143.511
142.677
142.653
146.227
143.635
143.806
141.758
143.256
142.644
143.538
143.885
142.636
148.078
142.773
144.268
142.267
143.098
142.879
143.490
142.950
143.407
142.965
142.888
144.264
144.207
143.641
142.725
142.033
144.278
143.409
143.096
142.967
143.853
142.032
141.532
142.059
142.561
144.902
142.846
143.292
143.247
142.976
144.315
143.661
143.907
142.203
142.422
143.052
141.842
142.076
144.025
143.819
143.412
143.224
143.737
142.585
144.124
142.369
144.423
142.895
142.610
144.017
145.075
143.001
144.771
142.330
144.832
142.999
145.015
143.920
144.511
142.574
150.713
142.935
142.002
143.369
144.165
143.036
143.706
142.073
144.174
144.730
142.234
143.637
141.459
143.397
143.908
144.745
144.374
142.362
144.479
143.417
143.602
142.559
144.616
143.587
142.553
143.034
142.558
143.753
161.504
143.928
144.243
142.840
146.447
142.091
143.845
145.392
142.954
142.813
143.793
144.218
142.916
143.107
142.863
142.439
142.889
148.494
142.244
143.698
145.022
142.068
142.860
142.078
142.832
143.685
143.268
142.363
143.162
142.970
142.462
143.432
142.592
143.281
142.722
143.677
144.796
143.626
145.867
142.681
142.775
142.525
143.907
143.362
141.714
144.966
143.188
141.701
143.067
143.655
143.581
142.327
143.654
144.954
142.331
143.653
143.708
144.392
142.552
142.991
146.253
145.131
142.881
143.101
143.743
144.946
142.770
142.929
143.276
143.042
143.481
143.448
141.723
142.126
142.696
143.116
142.336
142.993
143.585
143.614
144.057
142.729
143.511
143.643
145.887
142.292
143.671
142.773
144.123
143.440
147.755
142.374
143.101
142.776
144.688
144.156
142.648
147.044
143.037
142.543
144.621
144.876
143.970
142.709
144.795
143.173
143.228
142.393
143.238
142.262
142.824
143.967
142.961
141.674
142.577
142.097
142.014
143.167
143.873
142.164
143.684
144.855
142.704
143.166
142.676
143.555
145.125
143.849
145.028
144.261
142.278
142.664
141.748
145.542
141.196
144.019
143.197
144.526
142.767
141.985
145.888
144.035
154.331
144.304
142.937
143.607
143.074
148.961
144.058
142.764
143.693
143.997
143.041
143.427
143.542
144.640
143.605
144.417
142.339
142.396
142.967
143.403
142.846
145.646
142.078
141.852
153.687
142.654
142.645
144.055
144.146
143.359
144.135
142.636
141.490
141.791
145.033
143.526
143.332
141.572
143.393
145.267
143.565
142.940
143.589
144.112
142.559
143.747
143.382
143.099
142.634
141.981
143.079
142.404
143.573
141.820
141.252
143.686
143.313
141.496
143.199
142.453
142.326
142.879
144.374
143.695
144.980
154.333
147.064
144.025
142.775
145.989
142.995
143.196
143.735
144.789
142.776
142.561
143.534
143.136
142.402
149.122
143.311
142.004
142.982
143.524
141.416
149.704
152.169
142.862
144.447
143.434
145.999
144.122
144.460
144.516
143.129
144.395
142.595
144.769
143.911
144.596
144.274
142.887
144.173
142.595
144.521
143.066
143.480
145.838
142.604
142.945
146.980
144.394
147.594
143.520
152.905
142.838
149.144
143.808
142.929
143.849
142.756
143.944
145.617
143.811
143.605
144.308
142.666
143.661
142.565
142.657
153.628
145.899
142.087
145.886
143.505
142.446
143.794
144.125
143.767
141.983
142.823
143.229
141.941
143.872
144.568
143.596
144.142
143.984
143.833
143.859
142.996
145.042
144.017
143.280
144.208
143.689
143.690
143.607
143.865
142.766
144.284
142.774
143.228
156.404
143.139
142.978
143.379
143.069
142.371
143.557
144.357
144.269
144.060
144.731
144.372
143.775
143.030
144.061
144.686
145.241
143.533
143.154
143.397
143.589
143.488
150.776
142.269
143.369
143.241
143.244
143.595
143.087
143.797
143.708
143.343
143.807
142.958
143.534
143.845
144.932
146.180
142.667
144.881
144.406
150.226
146.079
146.865
154.567
145.489
153.509
149.649
150.093
155.398
155.109
166.112
160.650
155.962
156.669
163.154
161.692
155.255
164.894
186.071
156.754
165.064
157.446
157.492
167.040
155.204
147.269
147.971
150.658
161.606
152.906
167.516
154.428
149.831
150.161
146.692
144.916
144.416
146.533
145.161
147.299
146.361
144.773
145.688
144.287
147.877
146.691
160.498
157.773
157.041
150.170
152.680
150.565
161.046
156.275
168.216
167.498
152.973
152.089
151.186
164.567
154.794
154.555
159.595
153.368
153.393
150.823
163.872
151.095
147.482
173.662
153.483
147.978
147.961
150.777
148.715
147.041
147.633
148.342
151.113
152.624
162.244
151.048
148.510
149.266
153.795
149.997
153.443
151.348
149.592
147.755
157.052
154.571
150.756
149.832
148.495
148.817
149.332
149.614
149.053
155.879
151.649
158.431
158.418
149.661
158.206
161.060
149.398
149.217
149.814
156.438
150.772
150.341
151.163
150.574
154.035
149.201
164.199
161.422
150.181
156.418
149.495
166.340
157.562
150.810
150.618
155.887
160.644
157.668
159.173
156.496
161.930
149.132
165.407
154.302
164.657
153.433
157.419
148.538
162.565
156.724
163.636
148.031
150.098
147.360
145.314
146.957
154.061
144.180
143.689
144.948
151.698
153.769
145.149
150.246
151.395
171.758
154.232
151.221
146.781
149.277
151.310
148.182
150.049
149.049
151.702
171.638
148.449
144.889
148.771
147.346
147.535
145.514
157.579
149.229
149.683
153.190
160.840
155.102
155.411
152.249
150.798
153.276
151.009
147.314
145.492
143.479
147.299
144.847
149.460
147.359
144.873
148.139
148.309
154.327
162.084
156.542
153.437
150.625
153.471
147.176
152.351
147.629
152.104
146.288
149.014
148.072
147.912
146.207
150.916
160.341
150.297
147.776
171.305
157.034
152.049
145.157
145.369
154.211
148.710
170.643
151.342
158.103
156.274
153.553
167.249
164.417
150.501
151.754
163.605
156.248
152.223
154.438
155.856
150.090
168.938
156.073
169.145
151.751
147.821
154.035
147.864
165.122
155.127
144.578
144.897
175.145
148.894
147.841
147.813
155.142
147.115
147.136
149.189
152.898
152.869
147.032
151.506
150.320
147.406
150.229
176.143
170.760
154.584
154.968
150.724
152.688
146.291
146.524
148.794
153.528
148.328
148.994
148.400
154.063
143.967
155.977
157.277
160.715
159.440
159.541
163.347
158.945
157.727
147.606
143.453
151.703
151.900
147.269
147.389
147.653
145.765
147.927
144.343
156.933
154.174
154.748
154.942
157.054
147.981
149.289
148.434
148.770
149.417
156.465
158.563
157.648
152.858
149.981
152.049
151.428
145.260
153.592
163.099
146.105
149.107
149.159
147.146
150.316
149.435
149.770
161.319
150.757
149.240
158.040
143.712
146.710
151.996
145.891
152.641
144.235
145.389
143.656
149.319
143.362
144.359
144.289
153.442
148.297
169.278
156.640
161.355
148.620
145.231
144.377
148.629
146.762
146.109
146.297
145.977
143.555
151.617
143.769
145.211
146.684
145.707
165.088
152.051
156.601
147.604
154.943
148.255
145.481
162.575
158.282
169.547
149.068
145.172
150.164
155.834
150.714
148.340
152.226
1138.127
1037.582
1122.846
782.676
