788.718
217.422
183.671
180.469
179.477
179.240
179.506
179.559
190.258
178.612
180.643
180.810
186.150
179.118
185.734
180.721
178.784
184.277
179.331
180.699
183.993
180.368
185.590
179.158
179.006
179.637
186.987
180.047
180.852
178.773
178.751
193.558
178.692
182.006
180.254
187.327
179.929
189.467
179.782
192.985
183.705
179.040
184.172
187.885
183.279
179.371
180.027
180.311
188.361
178.749
185.083
181.157
183.755
179.298
181.135
179.084
182.085
180.213
178.899
194.436
180.812
203.141
180.772
192.086
180.650
191.423
180.754
185.086
183.985
182.886
189.474
185.862
180.156
182.345
179.358
193.007
184.762
179.943
180.963
189.014
196.496
189.509
187.419
181.799
213.019
189.259
189.376
209.923
185.493
192.813
182.788
180.204
181.973
182.851
193.593
191.151
211.725
185.527
190.168
183.190
184.554
191.955
185.547
190.369
182.801
184.119
181.745
188.117
188.599
181.719
182.968
183.573
181.521
190.799
182.947
190.906
191.481
181.101
191.562
182.115
184.341
182.885
183.156
183.455
182.436
186.977
180.760
183.066
184.931
183.747
185.553
187.058
192.449
184.266
215.965
181.119
189.602
209.561
181.962
189.365
190.181
186.250
181.976
211.877
191.857
189.873
183.040
182.513
190.466
197.071
181.361
182.071
183.468
196.713
182.015
187.737
187.352
183.702
183.646
187.985
181.379
185.458
183.079
181.400
184.274
185.918
194.128
190.521
183.294
182.939
185.526
196.993
209.692
194.585
185.707
197.635
181.906
195.656
193.404
194.175
185.066
193.845
196.568
193.202
190.644
203.396
190.176
193.173
187.746
209.679
192.160
189.862
189.078
184.501
201.907
186.064
184.881
184.617
194.110
184.019
189.996
182.916
192.336
185.453
195.247
185.978
196.486
184.901
200.603
193.329
183.755
184.903
192.051
185.699
189.837
188.319
189.795
195.275
185.841
189.115
186.260
195.504
202.737
193.249
186.954
199.061
183.956
195.694
187.873
185.490
196.746
212.509
187.098
209.984
194.414
185.874
187.180
197.057
190.735
196.365
186.075
184.774
182.747
198.234
184.758
184.950
196.704
203.361
186.441
185.843
188.274
192.951
186.253
194.080
196.815
189.499
185.397
188.029
184.740
188.943
184.851
185.195
182.785
183.969
186.633
184.522
194.491
185.364
192.713
192.521
197.655
193.842
194.543
187.227
201.194
195.457
190.727
188.167
194.031
184.937
199.062
189.617
202.850
191.008
187.546
194.083
185.495
195.564
186.551
194.529
191.562
207.591
184.297
193.097
183.990
195.326
188.211
191.435
185.874
201.746
185.344
186.042
188.957
184.757
196.677
207.438
187.242
191.842
207.541
197.735
197.434
187.844
206.835
191.375
192.935
194.029
186.411
192.110
192.032
190.412
187.702
185.943
185.727
185.697
209.194
188.749
205.116
199.185
185.974
191.187
201.353
201.382
191.680
192.590
183.655
200.380
187.850
185.914
204.774
202.944
194.067
186.170
192.478
206.491
197.827
185.030
199.269
189.129
188.490
183.495
184.205
191.724
182.212
182.498
183.778
197.994
185.327
197.063
188.774
191.189
183.729
192.154
188.731
183.233
186.347
184.978
191.163
185.858
189.005
184.846
188.875
183.216
195.592
187.728
187.974
185.037
182.858
183.040
187.803
189.238
184.333
185.348
185.694
184.988
197.353
185.728
198.351
185.313
191.429
190.304
192.158
187.601
183.745
191.489
185.643
183.135
189.591
187.814
184.310
188.639
195.762
184.453
196.360
187.921
188.293
185.055
184.670
186.802
191.997
186.388
188.952
184.544
201.053
185.798
187.607
184.470
200.139
188.759
183.726
185.265
192.154
187.121
188.792
187.384
183.983
183.551
184.687
182.412
183.269
186.184
193.965
190.008
184.882
190.629
188.390
184.353
188.713
188.617
184.745
183.830
186.740
192.774
185.227
189.720
184.186
197.114
186.012
200.545
188.272
192.795
183.984
188.014
189.144
184.298
195.053
184.846
191.536
186.132
190.906
183.663
185.325
185.728
190.782
186.026
188.697
192.686
185.152
193.906
182.867
186.925
187.544
186.051
185.358
196.976
188.272
183.157
200.068
185.089
196.320
183.232
184.434
183.917
199.032
187.777
184.439
196.982
197.961
195.966
186.997
185.748
186.973
188.402
202.387
185.483
192.338
193.211
185.184
184.396
186.295
185.306
194.298
185.283
184.162
183.648
184.518
188.268
184.923
184.386
190.908
185.763
184.600
193.609
183.689
184.966
195.275
183.648
184.466
194.801
186.059
184.300
186.984
183.520
185.228
185.722
185.353
188.171
187.185
188.733
185.142
188.545
192.865
184.621
184.936
185.616
183.452
184.533
190.961
192.835
183.877
184.016
188.239
186.850
193.689
187.505
185.861
185.428
186.049
196.458
185.661
195.927
188.890
184.771
188.120
185.820
196.247
184.536
193.474
184.960
185.294
186.815
185.521
189.161
192.544
188.025
195.323
184.428
195.901
184.852
185.193
186.468
187.326
197.038
187.585
184.770
187.104
185.261
186.685
184.769
186.334
185.175
188.563
199.521
189.828
186.865
184.499
187.573
187.963
184.947
184.460
186.388
185.595
193.804
189.087
186.937
186.587
195.818
191.186
185.313
185.598
184.877
190.190
183.870
196.202
186.659
195.972
184.833
186.607
186.766
188.243
184.671
194.403
186.575
184.570
186.958
188.598
193.618
189.949
189.084
190.561
185.354
189.674
188.241
190.632
188.236
184.934
186.497
185.302
186.116
186.387
193.720
197.278
193.131
185.717
187.793
185.843
197.776
185.334
199.386
193.302
184.426
186.915
189.303
202.738
190.639
186.055
188.709
187.806
188.805
188.227
185.770
190.477
185.553
194.559
186.170
188.638
183.985
188.201
187.408
186.091
186.544
186.247
192.099
185.386
185.722
184.917
185.823
186.017
190.062
184.667
186.751
184.965
198.611
192.663
185.707
197.097
185.069
185.132
190.886
185.204
185.586
198.448
190.029
186.627
185.706
192.801
186.244
202.623
187.303
187.048
188.169
183.853
184.137
184.180
185.233
184.928
183.982
186.611
185.813
185.326
189.075
186.443
187.772
185.196
193.196
192.183
185.149
198.489
192.466
185.290
189.040
192.461
185.882
202.740
189.682
187.795
188.300
192.999
187.530
184.502
188.906
190.113
187.479
184.360
199.705
183.719
184.396
197.657
185.098
184.209
187.502
188.191
186.802
184.391
189.665
185.343
184.571
187.445
185.155
199.523
184.408
207.743
185.355
187.882
194.081
185.284
185.093
184.187
192.827
191.317
186.039
194.017
184.364
184.574
185.050
185.062
196.987
198.254
185.474
186.154
188.769
190.500
185.658
196.017
183.527
195.787
184.304
185.177
192.469
185.432
193.419
185.370
201.461
188.744
184.323
189.358
201.056
184.188
196.222
187.015
186.908
183.901
186.436
185.386
185.768
193.739
187.290
190.023
185.153
191.538
192.252
189.352
185.506
185.175
185.155
188.604
183.801
184.433
184.405
184.749
185.591
192.149
193.120
187.392
184.015
185.749
188.781
185.322
193.226
184.791
186.382
186.776
190.322
191.518
185.012
184.566
191.036
210.112
183.548
189.394
190.065
188.589
193.089
197.787
186.792
184.583
184.496
184.621
199.730
185.338
186.991
184.628
188.945
185.686
198.283
188.462
185.289
184.747
188.140
185.794
192.711
187.919
185.675
191.890
185.705
199.109
185.652
193.620
189.202
195.496
189.705
188.968
185.622
184.266
200.307
185.416
187.392
187.071
185.653
192.311
185.459
190.647
184.792
192.590
185.423
188.722
185.294
196.302
184.648
184.544
190.611
185.631
199.466
184.856
195.668
187.670
197.781
185.592
185.344
186.386
184.388
183.811
185.593
185.422
197.425
194.052
185.197
185.163
188.560
187.906
189.562
186.821
191.352
184.548
188.976
183.825
183.951
189.072
187.272
193.238
185.510
186.896
192.971
186.944
188.570
192.104
185.402
184.381
188.800
188.035
187.067
188.158
184.913
195.568
189.529
187.291
186.405
193.181
184.492
193.215
186.129
183.813
185.900
186.683
185.606
186.579
183.951
197.241
187.493
187.106
186.602
183.951
185.887
186.133
186.744
186.787
185.101
196.375
189.853
186.781
197.357
187.150
186.384
188.977
185.186
197.369
186.673
209.717
188.235
190.722
186.089
201.815
184.530
186.987
189.094
198.153
184.956
199.971
191.484
185.277
185.328
196.182
188.654
185.321
203.053
184.274
187.062
188.087
184.347
188.769
185.243
185.280
186.844
187.862
184.730
199.376
193.598
185.249
185.924
188.276
189.905
184.564
199.848
189.599
198.332
188.998
196.878
184.865
184.767
188.944
185.752
183.872
196.877
185.738
185.530
195.346
186.574
200.861
184.847
190.193
188.446
185.648
187.052
191.634
187.454
186.064
185.354
205.969
188.949
185.870
186.057
187.989
187.077
187.114
185.240
187.515
184.980
185.554
187.486
184.263
195.136
189.051
185.530
184.433
185.393
188.849
196.685
189.919
185.674
197.180
187.290
189.471
184.373
189.804
185.458
190.752
186.266
191.859
184.786
185.099
191.137
187.729
187.558
184.833
201.149
185.152
193.560
188.118
201.460
187.739
185.362
187.381
185.544
198.326
190.458
188.216
186.265
185.533
189.420
185.612
195.661
188.998
191.260
187.792
189.521
187.222
184.882
186.352
192.667
185.227
198.712
188.252
186.028
187.751
186.479
187.233
187.899
196.851
184.590
201.724
190.873
183.700
190.883
186.207
187.788
184.671
192.487
189.111
187.087
197.959
186.501
188.312
187.678
185.854
196.272
188.650
185.073
199.561
187.927
193.026
187.660
191.040
191.721
187.252
187.188
184.480
184.755
185.078
186.063
188.236
189.004
196.775
184.186
209.982
189.588
185.819
188.591
187.306
194.948
196.318
186.631
183.462
183.935
188.149
186.579
186.580
184.228
200.061
193.634
187.251
188.545
187.538
199.862
198.524
195.569
187.330
185.454
187.250
184.847
187.985
184.468
189.911
183.795
183.174
186.681
186.126
183.917
185.632
185.473
192.350
185.124
201.496
190.228
186.753
210.761
195.375
187.098
185.190
192.924
190.571
186.955
186.692
188.459
185.284
185.115
200.017
185.940
198.500
191.571
201.738
188.719
186.362
186.868
183.821
200.181
197.097
185.713
187.890
190.228
194.591
187.391
187.122
187.561
185.518
188.407
184.928
191.005
187.990
188.532
187.578
185.152
187.074
185.722
187.887
185.679
186.150
189.373
185.597
186.411
191.755
187.880
191.294
186.615
221.038
185.523
198.664
192.913
184.948
187.247
193.883
191.642
189.102
188.536
193.976
192.815
189.254
187.267
185.498
185.182
207.044
189.873
184.789
196.973
185.755
201.994
189.507
186.779
186.860
184.079
186.473
190.049
191.210
186.622
200.393
186.339
198.429
190.385
192.839
187.740
185.997
188.475
195.168
191.192
191.772
186.582
190.348
189.985
190.347
189.522
189.040
194.114
186.598
212.579
185.781
195.225
189.287
185.493
191.244
186.213
196.523
186.586
190.143
187.626
195.366
187.555
193.469
190.746
187.922
194.523
198.600
185.753
201.386
186.514
186.152
200.166
185.095
186.080
186.036
185.664
187.449
190.595
186.991
186.459
186.678
186.307
193.614
186.081
190.552
192.822
190.007
185.630
187.471
187.345
197.448
202.701
193.737
216.572
192.784
202.718
196.891
196.822
207.877
205.552
224.616
212.335
227.664
206.160
221.989
215.016
204.004
215.013
249.369
210.125
219.867
215.416
206.799
227.755
223.904
192.475
207.971
199.014
217.305
201.196
222.202
200.353
197.215
198.253
193.166
188.901
187.426
193.272
188.038
191.545
190.431
188.804
202.239
191.232
198.830
195.832
219.857
208.824
205.320
197.608
201.427
197.191
225.995
205.088
237.326
220.398
205.777
203.692
198.163
216.633
217.219
205.600
206.669
199.521
203.557
199.006
210.589
199.257
193.947
225.829
210.958
200.364
201.325
203.374
198.675
192.809
193.452
197.264
198.698
200.451
208.991
197.454
198.639
204.390
199.503
202.060
205.134
197.876
196.243
193.856
204.007
201.110
196.790
197.901
194.846
195.665
198.903
196.676
195.369
204.242
212.840
205.828
216.661
205.699
206.105
223.020
195.634
198.680
195.946
207.517
196.919
209.339
202.807
198.170
200.513
210.196
216.427
221.011
197.023
207.548
195.998
230.136
205.349
199.483
196.571
214.034
209.004
220.185
208.223
220.284
208.598
209.861
214.557
214.636
214.736
200.306
205.081
194.626
211.422
208.611
225.346
195.451
205.719
191.125
203.846
196.711
198.352
189.136
186.819
188.428
196.511
202.034
199.165
193.605
209.928
243.580
199.633
204.003
194.381
193.185
195.544
196.222
201.835
196.127
200.778
217.969
200.694
188.844
192.682
192.003
203.865
189.542
208.427
192.907
196.760
200.165
207.453
200.970
211.190
203.786
217.603
198.108
197.926
192.036
197.347
187.330
208.251
189.181
192.693
193.393
190.235
197.309
193.013
228.054
215.122
202.880
197.783
206.595
199.930
204.603
198.156
196.424
202.867
190.588
193.697
191.121
192.067
198.412
195.010
205.649
195.200
192.522
220.834
205.670
204.117
190.529
188.671
203.456
192.875
214.615
195.935
204.786
208.640
198.832
227.528
213.861
215.214
199.375
221.204
205.288
209.218
201.241
222.002
199.232
217.437
203.809
231.204
203.912
192.245
197.271
191.738
229.951
199.376
199.956
188.798
219.198
193.517
201.587
200.286
199.461
195.597
195.658
192.732
197.571
215.679
191.544
210.829
203.712
191.277
203.505
228.426
223.612
203.394
203.624
200.711
197.228
190.480
190.646
202.178
202.954
192.463
193.138
193.226
202.777
187.766
207.654
205.296
211.821
219.480
209.307
226.261
211.358
202.823
190.880
186.197
203.221
203.651
190.428
192.787
191.513
202.450
194.905
200.377
200.240
198.703
207.462
204.489
201.297
205.713
197.679
192.480
196.710
203.275
212.150
204.017
209.228
213.174
193.938
196.617
199.998
193.609
202.009
231.833
189.992
193.386
198.038
193.295
194.405
192.691
207.098
224.842
195.716
199.628
201.029
196.586
189.905
203.829
190.047
195.415
189.686
189.325
186.744
192.672
185.926
187.424
199.746
199.027
192.262
223.807
202.553
209.897
192.007
193.469
192.032
194.157
190.050
194.135
193.498
188.632
205.937
197.165
199.629
190.148
189.799
192.715
225.767
211.810
202.918
205.495
198.613
196.664
191.382
217.858
209.707
229.420
195.787
205.328
200.397
200.725
194.773
192.685
212.193
1212.027
1116.859
1186.965
839.375
