2026.812
1049.360
1045.167
1064.754
962.198
1058.254
1078.798
968.690
1052.492
994.112
1161.976
1007.327
1088.666
1075.565
978.509
1003.132
1116.748
1040.314
984.368
990.244
949.341
1032.523
1061.013
1056.133
939.553
958.427
1011.582
1035.023
910.437
1006.961
1047.758
1064.424
1032.537
1068.618
1103.639
1135.743
1068.513
1112.379
1115.917
1068.710
1035.941
1083.218
1099.593
1121.974
1106.937
1083.071
1158.240
1128.621
1089.369
1209.723
1140.708
1076.730
1217.482
1100.829
1179.104
1100.615
1109.833
989.905
1095.398
1116.337
1153.340
1147.090
1129.050
1078.363
1098.514
1225.767
1141.604
1197.929
1235.619
1267.487
1278.010
1283.857
1182.313
1167.369
1064.896
1158.361
1156.454
1127.160
1129.762
1211.613
1226.856
1280.104
1173.012
1167.108
1273.499
1245.727
1239.973
1240.938
1283.907
1210.837
1123.042
1166.491
1186.231
1220.926
1313.153
1253.879
1403.289
1266.077
1253.516
1310.928
1146.742
1221.884
1262.053
1222.119
1126.374
1131.436
1165.751
1263.622
1180.483
1231.172
1220.501
1219.052
1238.175
1157.781
1199.040
1160.509
1160.196
1167.051
1147.280
1194.135
1234.476
1116.849
1178.708
1229.366
1202.341
1119.513
1200.563
1207.694
1121.238
1106.342
1102.405
1165.301
1123.266
1163.846
1352.710
1069.665
1108.947
1181.179
1209.877
1171.717
1176.314
1199.867
1085.199
1140.992
1102.261
1134.790
1143.412
1187.159
1211.737
1158.659
1133.719
1090.035
1091.079
1219.963
1147.813
1127.549
1234.159
1128.666
1188.123
1156.649
1188.938
1172.473
1222.541
1241.991
1193.888
1238.579
1254.447
1156.836
1117.871
1159.264
1039.082
1182.231
1252.475
1088.404
1098.712
1068.010
1090.838
1060.448
1121.473
1081.115
1188.058
1117.530
1208.498
1101.290
1116.390
1204.290
1277.099
1146.280
1141.706
1300.660
1212.727
1275.402
1233.259
1278.486
1345.597
1283.430
1247.673
1257.763
1189.526
1129.892
1142.921
1212.376
1228.288
1196.024
1227.273
1276.552
1307.748
1289.149
1268.455
1200.378
1201.531
1340.076
1372.384
1311.887
1374.012
1244.013
1308.439
1356.375
1273.469
1341.442
1382.129
1286.663
1227.468
1183.485
1150.433
1231.899
1244.631
1225.348
1249.650
1224.878
1396.071
1292.052
1158.393
1372.803
1308.326
1253.216
1190.962
1236.256
1174.040
1331.625
1285.395
1190.417
1180.638
1261.088
1236.631
1249.471
1397.740
1381.724
1311.584
1288.304
1187.650
1162.755
1192.643
1417.256
1236.818
1182.904
1157.739
1179.442
1150.965
1186.502
1098.500
1123.079
1175.310
1102.288
1214.613
1257.478
1197.519
1332.745
1264.302
1256.149
1120.742
1247.643
1274.844
1272.360
1234.464
1224.440
1258.111
1300.031
1196.084
1390.746
1487.693
1278.280
1328.710
1266.158
1209.089
1314.186
1180.850
1297.584
1226.100
1284.084
1485.598
1385.769
1255.476
1217.182
1189.228
1276.055
1147.853
1279.832
1139.756
1137.993
1192.415
1096.106
1091.992
1173.100
1295.562
1218.268
1152.219
1196.887
1155.272
1050.954
1066.777
1086.052
1089.754
1115.974
1105.299
990.809
1026.114
929.584
1025.548
1050.075
1020.141
1063.612
994.229
1094.081
1359.172
1199.995
1340.599
1270.808
1250.324
1329.958
1256.219
1360.017
1202.235
1247.932
1161.789
1309.503
1150.709
1182.881
1204.218
1240.695
1260.826
1194.892
1292.560
1164.082
1172.063
1120.420
1288.134
1177.094
1179.409
1187.195
1237.987
1188.737
1168.895
1132.443
1224.073
1268.400
1179.904
1234.850
1228.341
1052.834
1240.537
1224.951
1181.244
1293.296
1113.711
1158.986
1164.084
1190.324
1241.346
1214.449
1152.049
1274.161
1265.172
1195.840
1200.291
1149.624
1118.273
1223.787
1229.771
1166.283
1145.886
1191.388
1182.547
1111.612
1255.764
1234.677
1228.327
1291.304
1219.219
1235.804
1224.679
1347.593
1213.697
1316.556
1285.702
1279.923
1389.599
1220.148
1245.919
1214.281
1162.889
1276.821
1207.623
1143.841
1256.877
1290.516
1245.357
1343.821
1264.309
1355.273
1300.569
1332.502
1200.650
1230.335
1204.681
1239.922
1287.422
1279.081
1290.776
1245.145
1223.633
1232.478
1188.028
1168.695
1224.128
1323.037
1232.271
1221.310
1254.778
1273.860
1311.926
1190.098
1256.168
1278.387
1278.938
1230.936
1287.069
1267.523
1182.158
1289.899
1356.576
1312.276
1248.175
1265.363
1274.037
1247.392
1218.905
1251.977
1258.166
1163.492
1119.583
1221.319
1175.246
1210.252
1134.475
1139.247
1118.704
1163.009
1116.218
1156.036
1072.105
1112.359
1209.589
1155.576
1200.607
1188.534
1139.247
1152.229
1115.484
1177.156
1139.147
1275.397
1165.266
1197.325
1111.022
1157.724
1245.244
1221.274
1189.010
1125.835
1179.371
1224.016
1179.227
1255.419
1276.450
1263.712
1135.116
1150.992
1282.317
1177.080
1214.814
1309.175
1282.118
1277.138
1363.471
1274.306
1184.904
1154.261
1184.721
1145.419
1168.180
1109.289
1167.440
1097.908
1197.545
1204.063
1078.148
1286.662
1173.886
1129.990
1152.842
1146.359
1156.915
1252.132
1169.911
1297.887
1231.458
1342.476
1276.086
1279.379
1359.721
1340.899
1258.622
1235.118
1329.212
1290.379
1276.205
1315.771
1409.418
1462.295
1323.065
1180.069
1205.998
1173.807
1266.289
1227.827
1189.131
1210.133
1257.665
1192.107
1301.001
1292.109
1194.496
1367.439
1267.936
1280.327
1295.949
1157.502
1139.897
1260.085
1228.598
1249.254
1264.450
1215.613
1363.248
1246.217
1173.708
1310.194
1196.319
1255.315
1259.174
1276.923
1214.077
1368.890
1249.005
1192.559
1288.048
1330.512
1165.484
1296.729
1292.109
1280.024
1209.700
1305.285
1282.256
1294.442
1266.869
1309.917
1365.516
1190.037
1352.832
1312.958
1346.619
1384.150
1446.771
1370.065
1364.535
1349.906
1421.897
1272.621
1337.041
1370.755
1284.639
1316.152
1271.233
1264.304
1315.166
1249.168
1368.449
1399.690
1252.870
1349.445
1274.089
1268.509
1279.289
1319.654
1297.601
1385.930
1351.915
1456.137
1393.505
1408.111
1335.065
1355.498
1292.829
1365.538
1299.803
1270.227
1311.270
1217.434
1325.082
1305.425
1383.229
1383.506
1270.626
1268.694
1273.363
1312.047
1270.002
1269.000
1290.001
1220.172
1223.447
1233.086
1139.156
1174.113
1139.933
1163.408
1389.723
1303.057
1148.490
1257.256
1197.351
1234.334
1282.377
1191.864
1179.137
1232.049
1241.774
1249.967
1295.317
1257.914
1239.357
1382.646
1333.668
1291.343
1320.307
1313.371
1382.545
1221.305
1247.490
1283.340
1255.165
1179.543
1197.198
1274.873
1213.369
1309.469
1163.586
1259.442
1272.373
1272.021
1155.170
1164.905
1298.925
1236.740
1315.272
1307.545
1197.738
1327.447
1446.470
1328.397
1346.833
1440.027
1330.796
1345.643
1436.332
1380.919
1397.735
1341.065
1314.832
1190.616
1149.119
1153.228
1276.604
1215.491
1089.686
1179.887
1160.289
1128.771
1096.321
1044.487
1156.031
1095.285
1129.220
1104.688
1134.272
1108.850
1131.813
1089.978
1187.397
1206.324
1285.206
1096.014
1209.416
958.962
890.077
1014.408
1051.758
1030.411
1016.596
1056.807
969.383
1013.329
815.529
1058.893
956.990
1088.144
1170.897
999.025
1126.391
1151.541
1205.713
1121.298
1094.843
1113.283
1026.917
1092.591
1059.050
1077.909
1106.643
1062.974
1073.883
1067.890
1031.140
1109.622
1140.246
1081.292
1118.107
1157.527
1147.048
1065.981
1123.883
1173.979
1186.363
1197.732
1149.868
1174.608
1085.585
1113.739
1192.317
1209.641
1213.432
1088.213
1147.377
1177.418
1230.630
1167.095
1213.777
1195.990
1237.601
1284.706
1291.988
1209.178
1287.031
1264.747
1181.046
1362.172
1309.967
1341.346
1278.045
1334.752
1189.251
1231.212
1255.123
1249.719
1195.947
1137.249
1280.709
1390.039
1380.422
1397.055
1354.005
1428.165
1346.929
1325.347
1337.851
1259.630
1347.388
1231.941
1334.725
1309.822
1349.484
1244.285
1333.309
1436.761
1334.151
1303.145
1282.458
1258.264
1235.600
1187.640
1109.317
1196.215
1180.869
1347.252
1189.593
1050.485
1113.572
1177.633
1190.278
1137.805
1242.630
1108.208
1086.309
1161.398
1111.917
1103.617
1097.712
1196.022
1254.395
1242.503
1213.253
1149.750
1148.769
1117.768
1076.027
1113.882
1261.438
1163.100
1177.114
1212.241
1076.576
1071.844
1130.669
1135.651
1067.966
1154.288
1060.287
1154.626
1152.004
1183.219
1004.313
1155.270
1217.003
1150.064
1119.487
1093.955
1199.953
1157.493
1090.198
1076.936
1078.971
1151.305
1130.928
1080.167
1122.635
1124.296
1122.746
1168.088
1108.789
1196.560
1104.631
1137.563
1144.937
1113.004
1074.778
1096.804
1154.409
1104.727
1112.131
1103.909
1064.824
1072.536
1204.766
1197.768
1171.336
1123.576
1090.816
1073.459
1030.994
1036.627
1075.597
1127.814
1071.396
1159.548
1132.074
1084.806
1069.782
1091.181
1127.504
1016.251
1092.790
1070.714
1072.490
1081.006
1111.215
1088.368
1157.559
1205.542
1200.164
1054.714
1137.410
1186.405
1074.667
1094.074
1091.452
1086.036
1102.099
1114.075
1045.187
1090.020
969.767
1018.688
1107.558
1047.442
1023.380
1128.288
1043.657
1176.618
1081.039
1043.594
1066.001
1081.033
1085.033
1109.211
1142.761
1117.319
1106.242
1028.755
1020.321
1078.770
958.412
1105.639
1104.584
1004.348
1252.529
1108.491
1169.364
1046.752
1123.271
978.880
1021.978
1105.204
1033.907
1120.904
987.859
1034.702
1070.490
1039.356
1024.670
1112.312
1111.660
1073.031
1024.605
1024.142
1017.298
938.075
1012.191
1163.162
1072.824
1083.315
1196.133
1086.557
1100.826
1058.985
1117.925
1094.593
1099.028
1119.058
1189.425
1060.798
1094.315
1007.833
1081.099
985.482
1098.383
1045.119
1119.119
1149.017
1104.151
1105.952
1062.471
1211.210
1227.139
1168.032
1116.047
1054.681
1127.859
1053.201
1117.378
1197.765
1046.365
1018.664
1110.865
1006.489
1034.199
1086.478
1178.434
1026.848
1076.684
1079.586
1032.119
1099.357
1172.991
1165.264
1200.421
1317.790
1186.591
1093.251
1040.323
1138.850
1089.335
1152.463
1111.548
1154.040
1083.821
1139.056
1152.907
1052.980
1158.476
1171.294
1125.738
1044.598
1131.389
1245.596
1158.267
1044.137
1204.731
1101.453
1104.511
1120.014
1083.353
1165.543
1169.930
1192.153
1229.256
1110.215
1105.394
1126.996
1191.121
1078.204
1114.684
1177.885
1086.016
1157.048
1187.395
1045.717
1202.389
1135.804
1082.251
1104.665
1214.206
1138.876
1117.688
1146.087
1136.030
1208.343
1100.039
1115.088
1119.223
1160.110
1045.801
1020.322
1179.564
1006.956
1203.012
1167.976
1186.858
1221.966
1121.230
1211.554
1152.030
1214.571
1135.077
1201.468
1122.258
1088.341
1145.494
1233.317
1159.573
1244.075
1232.731
1451.589
1198.464
1134.780
1219.330
1059.252
1185.694
1168.179
1231.965
1267.125
1231.140
1198.888
1367.852
1234.989
1329.669
1146.091
1270.242
1241.958
1263.327
1194.530
1284.712
1216.053
1194.040
1240.281
1160.481
1218.451
1125.338
1270.628
1387.567
1257.890
1435.377
1329.956
1310.506
1206.441
1255.691
1300.323
1344.973
1198.408
1218.198
1222.860
1240.349
1275.318
1195.657
1189.517
1268.671
1183.871
1339.895
1213.219
1280.421
1292.013
1307.140
1336.522
1363.810
1394.338
1263.421
1298.323
1221.955
1243.744
1285.892
1238.582
1261.585
1480.720
1370.186
1287.042
1250.246
1346.908
1355.218
1322.381
1175.646
1325.762
1274.569
1317.448
1277.310
1294.090
1272.640
1311.594
1318.360
1306.698
1276.037
1302.000
1378.736
1483.699
1339.658
1263.178
1243.107
1251.791
1215.653
1263.608
1243.338
1360.060
1340.239
1287.645
1256.346
1316.521
1356.299
1387.747
1238.203
1285.164
1205.894
1286.483
1262.560
1213.548
1227.993
1221.832
1212.409
1294.080
1276.388
1263.432
1118.642
1330.193
1327.881
1188.141
1220.160
1164.862
1215.274
1225.457
1197.042
1192.339
1202.776
1180.412
1216.926
1256.550
1257.319
1132.915
1213.330
1226.096
1271.995
1227.874
1257.010
1171.516
1249.844
1322.537
1182.754
1191.104
1282.850
1273.689
1147.301
1155.752
1140.892
1135.394
1148.558
1008.772
1211.030
1084.208
1074.556
1206.938
1059.670
1156.569
1194.419
1192.350
1250.410
1180.744
1232.163
1201.983
1250.319
1181.522
1186.417
1212.636
1151.108
1120.996
1124.715
1174.574
1148.486
1130.971
1161.529
1113.169
1148.610
1221.594
1194.521
1164.188
1253.922
1205.349
1273.549
1233.711
1202.262
1193.024
1176.649
1252.773
1186.553
1099.348
1134.777
1205.575
1138.422
1185.261
1201.493
1227.341
1127.312
1177.898
1161.166
1211.688
1170.864
1266.271
1182.565
1179.837
1237.716
1255.135
1254.061
1067.518
1098.915
1196.754
1284.439
1256.493
1322.237
1263.199
1337.014
1337.459
1327.357
1306.017
1289.102
1558.597
1518.756
1569.655
1436.295
1319.227
1388.003
1410.657
1440.157
1427.322
1531.513
1406.856
1535.717
1481.017
1469.737
1622.959
1317.689
1243.715
1311.480
1262.241
1218.935
1203.580
1370.296
1231.744
1180.676
1246.070
1256.398
1251.248
1200.928
1107.530
1236.001
1158.869
1180.074
1132.501
1181.256
1152.643
1262.528
1329.129
1406.221
1294.864
1347.339
1185.622
1288.934
1335.424
1326.267
1220.170
1258.755
1204.656
1175.277
1162.404
1335.094
1197.999
1231.399
1231.144
1250.364
1324.678
1276.944
1331.391
1182.328
1131.546
1237.058
1188.790
1203.902
1211.735
1296.803
1195.066
1159.423
1253.697
1154.939
1210.323
1216.219
1254.093
1210.114
1230.605
1286.665
1243.098
1238.727
1246.644
1281.405
1307.733
1275.537
1250.100
1281.399
1231.256
1174.696
1210.736
1191.716
1195.569
1156.032
1285.313
1168.905
1217.531
1245.299
1217.561
1178.558
1214.994
1300.947
1194.851
1224.981
1144.827
1177.676
1249.840
1171.967
1179.382
1175.995
1137.603
1248.194
777.590
1330.802
1148.138
1202.068
1280.262
1303.384
1317.811
1201.884
1220.148
1167.315
1261.317
1250.216
1172.843
1112.239
1225.501
1158.082
1228.893
1078.174
1208.363
1033.445
1138.533
1102.096
1117.816
1016.405
1147.255
1119.982
1052.955
1046.407
1020.453
1121.109
1052.189
1069.383
1121.835
1043.624
1065.267
1053.665
1095.721
1061.302
1134.607
1038.342
1114.801
999.551
1128.209
1060.817
1051.294
1048.554
1127.692
1100.381
950.425
1016.429
1036.740
907.700
1019.743
1086.015
1000.904
1003.903
1025.176
1010.616
1054.652
1158.868
1154.523
1188.731
1134.690
1112.747
1192.432
1248.557
1072.241
1082.558
1081.345
1108.188
1045.530
1055.986
991.346
1013.205
963.010
1035.215
1099.905
1163.965
1149.682
1187.618
1147.614
1097.235
1039.690
1177.051
1124.923
1063.186
1143.744
1127.176
1080.948
1083.843
1032.160
1103.736
1088.195
1031.644
1091.414
1033.466
1041.468
1271.298
1132.795
1148.251
1015.657
985.322
1051.097
1032.397
1127.744
1091.774
1197.821
1203.417
1252.298
1227.834
1237.344
1125.580
1137.983
1123.145
1077.847
1129.926
1214.371
1108.279
1037.725
1171.623
1095.673
1296.221
1068.689
1138.961
988.114
1211.019
1120.637
1046.654
991.959
1009.916
1013.759
1033.113
1022.261
1058.453
1098.042
1039.278
1101.301
1003.821
1130.356
1028.845
1009.930
1024.898
1090.349
955.834
1170.723
1237.344
1318.910
1187.075
1223.255
1355.063
1196.682
1085.513
1137.910
1145.535
1254.560
1172.246
1140.538
1197.222
1147.798
1073.893
1196.289
1162.291
1186.671
1241.833
1315.521
1332.817
1236.392
1222.329
1144.320
1052.392
1244.251
1177.163
1139.906
1085.129
1125.389
1172.487
1126.654
1184.022
1153.974
1258.875
1182.441
1150.545
1131.397
1211.103
1190.153
1069.890
1136.541
1160.767
1237.885
1212.232
1230.753
1197.166
1171.210
1330.573
1156.156
1188.956
1192.130
1260.437
1321.044
1156.085
1220.155
1290.498
1240.141
1357.666
1442.813
1464.385
1336.946
1312.268
1257.116
1218.470
1379.555
1287.431
1334.852
1295.460
1294.804
1311.704
1259.628
1242.909
1300.355
1289.119
1261.096
1273.345
1416.546
1380.432
1350.369
1321.156
1313.713
1199.692
1241.951
1339.514
1164.882
1386.993
1321.639
1203.584
1234.555
1242.431
1203.965
1244.190
1180.892
1135.864
1340.132
1342.000
1236.027
1248.909
1126.669
1212.801
1181.256
1257.007
1314.293
1212.551
1126.462
1207.371
1250.890
1113.482
1136.718
1126.540
1060.440
3096.023
2987.383
3056.892
2298.519
