393.283
228.594
229.966
227.119
226.650
227.073
225.832
227.108
225.663
225.270
225.705
224.887
229.589
225.169
226.973
223.083
225.211
226.163
237.979
237.528
227.907
226.344
227.202
225.100
226.480
226.038
226.939
225.879
227.643
224.632
227.965
226.753
224.888
226.924
229.369
231.030
232.125
227.783
239.183
227.213
228.724
226.817
227.625
260.390
225.975
227.900
229.073
225.551
225.757
226.594
226.884
225.305
229.427
223.946
230.183
230.844
226.847
225.652
227.213
235.208
227.301
230.217
227.703
228.876
227.970
232.267
228.862
240.547
229.560
226.775
234.987
232.320
228.231
227.419
226.235
226.207
224.986
225.461
227.956
229.343
236.143
232.253
232.771
228.250
238.147
234.380
232.044
229.963
237.859
228.761
228.866
226.506
235.084
228.766
250.016
261.551
248.060
233.372
238.125
261.735
229.350
242.808
296.583
240.991
229.396
247.907
230.343
253.899
231.712
232.399
228.338
230.319
227.448
233.889
234.700
234.448
227.816
232.332
230.046
232.212
228.543
236.022
230.749
236.028
232.538
231.880
239.692
230.056
228.396
233.261
230.723
230.929
241.388
243.395
255.466
228.667
227.694
231.043
235.116
227.031
252.541
229.970
248.742
260.438
256.569
244.659
256.335
236.432
230.479
242.412
231.288
233.606
234.538
232.288
230.947
228.933
232.448
233.286
239.475
234.294
231.637
229.315
233.378
234.299
253.327
255.315
249.633
238.875
233.504
236.698
231.881
234.797
268.947
230.826
235.773
236.863
237.724
254.113
239.591
237.353
245.753
257.609
251.726
238.367
254.463
254.959
270.040
244.704
238.554
248.601
247.922
256.492
247.673
239.973
245.830
256.731
234.722
261.475
234.021
235.357
244.026
233.519
232.585
235.809
239.600
241.708
239.778
240.458
239.837
234.260
236.463
233.897
238.889
244.550
242.828
242.614
235.660
239.692
240.344
246.092
243.505
246.379
243.509
236.005
233.298
235.962
242.850
233.731
234.620
241.075
253.677
249.606
242.248
267.544
278.183
243.434
240.350
253.843
243.298
247.444
241.838
239.396
231.995
239.016
240.949
242.223
275.079
253.141
256.956
237.145
239.831
246.774
237.097
247.836
247.661
252.234
242.064
268.487
235.864
231.816
239.170
231.522
232.398
236.046
245.352
234.656
240.557
235.630
244.449
253.234
235.861
236.354
248.190
240.645
262.076
242.706
258.754
238.647
236.246
233.311
243.347
234.666
275.353
250.189
240.911
239.480
242.529
238.352
238.749
242.035
280.020
268.824
237.481
233.989
234.842
249.264
235.934
237.235
237.882
231.660
253.039
236.803
237.349
236.186
261.076
254.316
251.076
280.037
265.508
236.755
259.476
243.178
264.036
238.557
266.537
238.841
242.197
237.124
245.283
242.316
237.508
240.651
231.580
235.937
249.900
235.938
255.409
258.792
240.368
257.647
240.377
249.601
268.396
248.566
232.658
245.973
236.391
261.680
253.254
256.278
246.223
249.948
241.998
245.250
235.365
234.810
237.098
242.347
234.651
240.133
235.037
238.004
232.949
234.664
238.534
235.626
239.349
240.879
237.622
240.207
236.926
235.460
233.645
265.166
240.140
236.197
241.546
238.474
236.089
237.771
234.581
233.457
242.860
240.332
240.372
236.005
235.013
237.477
237.067
234.370
233.659
239.084
236.407
235.920
235.932
236.764
238.269
240.125
238.928
237.639
232.814
241.407
235.983
243.593
240.762
237.249
236.593
235.529
237.594
241.333
238.488
257.507
237.363
236.112
234.629
236.335
237.364
240.838
240.674
240.054
241.120
239.488
254.377
237.223
251.981
237.610
238.699
237.494
237.344
235.619
236.352
238.655
239.452
239.549
236.941
237.771
239.491
235.530
238.549
237.998
236.922
237.782
238.755
236.864
255.785
234.841
234.470
237.805
235.016
233.780
235.926
240.571
236.997
236.944
237.771
237.566
236.609
244.751
247.370
236.244
234.807
241.549
238.272
239.899
237.314
233.604
240.423
238.108
236.330
238.448
236.578
236.942
233.407
236.784
237.011
240.049
234.002
236.098
235.635
239.184
243.303
245.277
238.175
237.262
239.553
237.599
244.614
242.198
238.364
238.222
236.153
238.668
235.294
236.575
239.085
237.953
237.922
241.596
243.935
243.778
241.976
244.167
239.643
237.401
239.904
240.598
245.661
237.262
238.430
237.087
238.035
237.832
238.156
236.813
248.255
241.410
238.128
239.796
236.844
237.964
241.490
237.339
248.041
237.572
239.374
239.059
240.347
245.602
243.527
238.639
239.764
238.479
238.555
239.070
238.227
237.663
242.890
252.306
241.636
243.739
245.384
239.376
235.519
237.269
240.296
237.463
236.968
246.077
237.107
237.145
242.145
242.672
239.197
240.912
241.004
241.914
238.970
237.810
237.206
238.947
242.624
242.362
237.688
238.111
240.864
238.494
238.083
239.469
240.076
238.040
237.021
238.647
236.428
243.991
242.735
246.997
238.047
244.195
236.721
235.407
243.495
239.749
237.023
242.250
239.569
244.889
243.338
240.358
238.288
237.142
237.803
249.217
241.781
245.834
243.956
245.319
245.199
243.531
240.400
242.799
239.389
240.667
244.709
247.087
244.713
249.143
242.664
248.121
237.181
236.858
241.702
238.109
240.260
237.411
243.884
237.653
247.883
244.226
243.911
238.425
243.962
242.341
239.444
239.841
248.442
240.152
243.448
242.546
242.819
239.000
237.978
242.253
245.037
243.873
241.768
242.098
235.986
242.600
235.803
239.989
245.976
239.737
239.372
241.619
240.298
237.299
241.314
239.468
243.711
242.187
239.249
244.154
240.881
244.290
239.296
242.536
237.394
237.544
238.609
237.282
238.129
253.351
238.308
237.554
243.230
240.880
239.218
241.557
244.815
238.602
239.834
240.814
236.445
239.462
236.143
237.708
242.394
238.897
240.181
236.826
241.168
236.508
236.832
238.933
242.054
239.832
239.107
240.503
238.073
239.395
242.515
242.352
242.129
240.941
241.746
244.103
253.980
243.115
242.701
237.246
238.140
235.316
240.780
235.502
236.969
237.996
236.632
236.228
237.607
249.845
239.836
235.632
236.673
237.365
236.698
236.459
239.236
236.124
240.224
237.189
239.664
237.072
247.087
235.467
238.214
235.224
233.357
235.391
235.574
241.481
239.097
240.552
236.782
241.973
234.539
235.122
236.653
237.655
239.076
239.286
244.046
239.811
241.545
241.050
238.073
249.415
238.101
237.338
239.153
237.691
241.064
239.011
236.498
235.805
237.113
239.301
239.593
239.978
236.500
240.198
242.125
237.784
240.242
238.281
238.092
238.381
253.294
240.492
237.530
241.737
240.422
241.407
241.096
238.894
236.653
236.165
248.628
237.296
240.670
237.692
248.013
240.490
249.863
237.777
239.983
243.256
237.859
237.852
238.770
240.620
243.655
248.548
237.952
238.254
238.756
259.395
238.281
238.987
236.509
238.305
241.560
238.755
242.189
242.220
238.217
238.815
241.282
241.291
234.829
244.060
276.476
242.140
242.695
237.264
240.233
252.761
246.416
239.819
240.289
239.408
239.489
245.085
236.616
242.729
240.401
238.795
246.764
236.800
240.564
240.279
245.444
238.843
241.136
239.241
237.868
237.511
243.898
235.325
237.381
242.118
239.305
242.564
240.434
237.878
240.121
235.962
236.172
240.513
236.187
233.703
235.406
244.585
235.986
240.191
240.004
240.802
248.390
239.931
235.454
240.444
242.480
236.362
237.358
240.475
240.146
241.519
240.211
242.105
242.149
237.906
240.281
237.296
238.022
244.581
240.292
237.618
236.972
235.567
235.027
240.790
237.873
241.666
235.338
239.424
241.684
237.718
235.873
239.136
238.568
240.690
235.652
235.088
240.196
237.410
239.871
237.500
234.776
236.367
243.810
242.095
245.148
238.117
238.900
239.197
237.546
242.118
238.002
237.259
243.099
236.518
243.520
237.504
238.891
239.397
236.662
237.106
236.807
242.128
239.978
242.959
242.812
238.552
235.678
239.411
237.261
245.962
239.220
238.765
236.706
236.910
238.858
238.413
237.041
237.670
241.560
236.439
240.705
240.754
235.799
244.222
237.931
237.620
237.501
238.608
240.188
236.711
237.901
238.915
240.885
238.845
240.419
240.075
236.174
249.168
234.289
238.728
262.351
240.252
240.069
242.272
237.607
241.793
240.752
246.102
241.196
238.837
241.982
243.424
240.762
237.785
238.283
242.974
246.810
236.773
235.193
243.485
243.123
235.560
239.928
236.671
237.027
238.707
239.089
239.799
240.495
240.983
243.705
242.198
237.787
239.068
238.044
242.441
241.280
239.698
241.109
237.700
238.327
241.317
236.174
241.552
236.570
245.259
236.055
236.378
246.633
238.968
243.567
244.312
237.350
239.275
241.140
242.971
239.858
241.899
240.073
239.666
242.658
241.782
239.884
243.078
241.019
237.146
237.211
237.270
238.222
238.804
238.602
243.107
239.980
238.523
235.141
236.834
236.202
244.414
239.319
238.297
241.830
237.164
242.427
243.058
241.894
239.872
238.356
236.575
243.036
241.238
238.296
236.749
237.875
235.960
240.777
244.876
239.905
235.692
240.711
249.242
243.965
263.386
241.374
238.874
236.646
236.645
240.548
237.500
242.640
240.685
240.913
244.693
248.187
237.336
243.874
236.370
237.634
236.912
244.647
237.879
239.778
240.061
240.029
238.604
236.921
240.537
238.940
239.406
241.077
243.669
236.836
238.994
238.107
242.470
235.951
242.269
240.957
239.678
237.463
236.033
243.556
242.950
243.111
237.120
236.688
238.046
241.358
254.364
240.288
238.630
252.552
240.463
242.174
239.799
240.241
245.207
244.962
240.872
239.349
243.955
239.202
240.180
236.913
242.752
234.694
237.302
238.383
241.322
250.667
241.541
242.829
240.875
240.881
241.366
244.429
241.068
243.865
259.402
243.895
248.281
242.088
242.428
246.000
240.926
239.212
241.381
236.228
239.771
241.667
236.609
241.876
244.663
236.346
238.438
238.152
239.028
237.570
242.270
243.114
240.558
237.174
240.903
237.815
238.091
238.723
240.042
237.938
281.209
248.522
243.928
246.662
245.556
243.296
242.861
242.315
239.522
244.133
237.987
242.833
258.759
240.128
241.086
243.496
239.474
245.290
242.107
240.808
252.622
247.418
241.212
244.578
243.126
245.808
244.155
239.917
243.551
240.303
242.391
241.119
244.154
243.136
246.724
243.382
237.414
240.759
240.508
241.274
240.608
239.278
242.949
240.433
239.067
243.386
255.809
245.123
239.603
243.520
241.038
240.322
242.002
239.370
243.551
241.782
242.746
242.323
242.707
238.564
241.162
238.634
240.662
243.555
240.451
248.575
245.216
239.103
240.166
245.358
238.563
242.637
238.128
240.932
239.874
239.637
246.034
236.739
250.709
241.909
242.927
237.840
238.448
239.551
236.887
242.881
242.595
244.872
238.625
242.860
242.551
243.368
240.350
238.908
241.673
245.611
243.142
238.986
238.718
244.907
236.698
237.298
237.801
242.036
237.213
245.627
239.743
247.636
242.878
241.711
241.520
248.086
242.505
240.005
251.333
242.263
239.814
239.959
238.792
239.284
238.197
242.156
239.961
240.731
240.368
237.771
239.408
241.404
240.170
242.765
237.876
241.786
239.194
250.462
245.484
246.056
240.085
243.343
239.504
253.506
248.436
292.905
249.991
255.392
280.460
264.706
267.259
262.677
297.765
271.846
275.371
274.426
273.911
289.109
300.912
295.041
279.917
333.907
281.271
303.807
277.913
302.645
295.402
269.526
256.220
260.867
262.617
275.487
264.281
275.088
263.716
262.275
274.326
248.457
253.271
243.513
243.956
259.094
243.463
246.218
248.211
243.814
242.055
247.578
264.932
287.396
281.755
264.914
263.531
270.427
272.327
265.539
269.194
279.127
277.819
263.438
274.773
286.018
306.428
274.290
277.148
271.289
280.869
266.247
264.174
277.915
257.946
283.589
282.317
278.651
255.953
254.344
262.031
258.422
256.389
257.367
252.388
268.273
290.287
268.289
263.416
258.000
260.099
264.067
261.817
255.335
260.530
276.920
289.117
275.109
262.341
270.818
259.566
259.664
285.096
258.045
260.326
260.885
269.801
260.898
268.512
255.490
278.316
258.075
280.597
273.624
265.348
256.505
284.790
256.099
265.442
260.419
259.309
265.914
288.151
289.978
269.296
259.120
281.304
295.920
302.608
256.958
267.071
273.639
272.879
279.456
271.078
270.778
269.849
278.675
283.776
275.869
295.294
278.962
283.378
268.581
276.137
264.986
270.293
290.795
249.077
244.241
247.618
250.349
246.387
242.033
245.535
244.061
243.045
245.993
266.194
245.196
245.667
262.674
279.107
258.361
253.015
258.343
247.288
258.767
248.520
250.068
251.086
260.358
262.569
242.607
247.447
247.946
250.346
245.185
266.505
259.622
261.123
261.067
264.128
274.257
255.020
269.357
262.976
288.877
267.123
262.990
245.960
241.778
240.381
251.952
248.192
249.921
249.386
243.550
261.416
251.789
254.298
328.536
264.840
264.789
261.556
268.503
254.781
255.556
251.545
285.484
246.438
269.449
258.451
258.170
246.932
245.930
264.835
256.295
252.447
267.010
286.247
288.833
261.995
243.456
260.947
249.352
264.548
255.226
256.583
275.459
264.519
297.908
280.658
264.696
275.712
260.690
259.206
253.932
259.570
257.248
266.528
283.576
300.549
300.054
261.341
253.071
251.671
279.303
259.425
244.413
245.958
253.495
268.138
244.762
271.953
250.470
254.407
249.970
247.237
249.055
264.124
250.155
245.977
254.195
256.436
275.835
293.829
261.169
273.122
272.494
264.250
256.254
254.422
251.793
248.276
251.559
262.300
243.707
253.480
269.348
251.614
246.260
291.918
261.891
269.046
282.317
275.672
273.517
291.391
254.788
242.228
245.817
272.863
255.669
244.001
250.214
242.277
259.957
250.632
272.732
245.441
248.888
266.253
253.463
253.388
251.061
249.326
245.611
266.653
252.395
282.421
255.260
271.372
255.351
252.774
251.522
252.297
262.547
259.486
263.523
261.097
252.201
249.384
259.751
249.706
258.744
283.095
310.606
256.126
246.672
244.642
242.342
244.686
261.982
250.845
248.832
257.591
245.564
244.603
245.945
240.017
245.536
248.312
274.003
302.268
308.088
258.703
261.107
247.186
247.502
247.258
252.581
255.389
258.881
246.947
256.159
252.772
255.534
242.718
258.975
244.848
270.525
268.609
282.729
268.606
252.229
248.925
253.464
246.461
259.764
255.495
269.815
255.168
271.614
284.324
252.308
248.842
260.675
254.804
609.787
593.125
621.081
391.903
