73.573
60.445
57.878
58.330
53.591
60.678
61.338
63.092
61.080
54.618
74.265
60.747
67.952
60.876
66.428
62.292
72.260
79.159
74.454
78.738
81.628
81.203
75.188
74.089
64.849
74.639
69.426
80.477
68.664
65.474
69.187
64.237
65.414
64.842
65.506
81.503
69.454
64.637
71.956
69.906
71.588
76.686
80.365
65.368
68.240
63.817
94.193
66.985
68.670
78.078
95.467
67.208
85.472
65.328
71.728
76.939
74.217
66.249
77.066
61.314
71.987
73.275
79.048
62.272
62.383
77.468
68.774
71.579
80.209
79.854
84.861
95.970
96.271
69.113
73.313
69.799
82.361
67.781
77.945
94.329
80.859
92.692
66.694
71.899
76.031
82.142
139.363
84.632
78.635
77.157
64.360
76.540
84.190
88.765
86.891
71.420
99.322
72.190
70.419
77.758
78.753
79.934
86.252
80.296
79.659
78.309
83.979
84.059
86.078
73.038
68.456
71.487
88.958
81.161
72.188
71.066
68.696
78.110
74.378
76.478
77.824
75.530
75.502
84.054
82.301
76.554
75.216
75.530
77.736
75.740
76.578
80.524
80.731
66.410
87.004
65.340
115.258
79.500
66.443
77.244
66.926
89.337
65.653
56.242
59.890
61.921
64.548
58.903
76.161
66.515
65.300
65.360
69.934
69.494
65.912
65.235
61.286
54.663
70.919
63.160
70.169
69.484
77.251
85.708
69.860
81.473
79.329
77.873
79.159
77.325
64.697
69.159
62.474
68.352
63.807
64.896
80.579
82.399
76.982
67.357
69.648
68.319
62.951
58.547
61.733
59.644
67.590
64.834
65.395
65.931
60.547
99.933
74.351
60.662
62.265
66.200
69.490
63.545
69.586
62.506
64.218
58.827
61.126
66.418
70.956
73.288
74.416
65.695
73.457
62.329
63.046
67.598
66.538
76.246
61.204
63.455
60.284
77.053
62.984
76.242
68.570
77.824
69.337
63.807
66.071
69.674
79.199
70.884
73.632
81.283
92.675
83.706
74.108
84.858
73.057
71.591
63.872
72.614
75.105
82.261
73.715
68.454
62.235
71.061
74.346
75.332
83.013
86.825
78.502
73.956
98.064
80.125
92.082
125.327
92.768
85.055
95.992
114.230
123.291
123.469
115.635
102.324
142.218
116.001
180.975
145.583
136.389
192.590
199.945
207.726
172.447
174.851
221.590
217.320
186.636
181.113
182.894
232.366
234.226
283.253
289.866
265.755
236.610
163.304
189.888
292.906
219.870
267.402
193.971
256.703
309.656
294.511
292.459
286.684
279.708
283.380
183.915
251.367
218.402
221.151
179.104
216.775
161.452
169.351
231.757
182.657
164.759
195.803
169.006
127.961
141.866
184.878
203.087
207.785
187.688
130.940
148.161
110.519
123.030
127.351
144.393
131.579
130.421
163.672
109.344
98.545
102.558
105.439
100.794
90.745
105.985
108.579
107.539
79.479
85.469
95.923
98.123
96.898
96.119
91.112
90.940
94.449
95.258
91.370
98.955
104.275
101.340
95.783
85.412
95.965
100.415
106.066
101.868
83.844
123.503
121.794
113.859
87.006
104.505
86.250
83.771
79.842
116.426
98.424
98.311
92.546
113.619
103.104
120.753
106.777
110.080
122.444
115.285
135.248
101.763
82.542
83.447
81.933
87.698
99.798
95.736
84.750
101.464
97.073
91.905
98.004
112.391
104.182
99.244
87.893
109.023
109.618
104.388
98.507
108.161
103.951
94.652
87.588
92.626
91.489
89.815
93.164
85.586
97.109
86.064
90.558
90.914
97.109
82.207
93.932
107.249
97.943
84.701
95.992
87.128
87.899
87.153
86.035
87.700
95.180
93.468
91.775
91.613
79.670
80.694
84.376
89.892
91.379
96.846
79.309
90.755
79.381
83.895
84.833
78.374
80.773
82.847
88.487
76.315
75.858
79.298
85.066
78.204
81.048
87.060
80.938
75.962
89.625
81.728
89.653
83.653
91.007
79.895
82.552
79.694
74.982
86.937
89.443
82.672
85.795
72.757
88.219
86.629
88.620
96.491
88.218
80.798
97.064
89.270
99.797
89.944
93.688
95.159
96.711
87.462
88.211
100.560
103.016
83.728
84.666
121.361
92.291
99.959
102.947
97.691
122.073
117.349
94.961
108.745
121.020
122.449
113.452
92.340
137.789
162.870
139.004
126.142
126.493
149.480
136.758
134.717
140.189
123.778
112.378
136.417
139.600
98.153
145.053
131.097
98.318
111.377
118.584
126.845
141.284
114.951
136.442
131.901
155.003
141.760
146.119
153.882
150.023
137.065
160.998
162.524
171.753
140.645
151.597
198.393
216.520
129.836
131.900
142.332
131.901
127.134
132.311
125.944
140.401
124.248
117.039
123.548
140.363
113.014
124.395
139.704
149.438
145.346
117.794
140.313
129.415
131.684
129.983
115.052
131.432
130.757
133.046
115.941
148.759
120.931
115.064
119.484
161.551
125.173
126.709
108.545
151.056
139.222
133.781
118.077
149.734
129.408
144.662
112.837
139.047
155.157
129.931
131.933
112.896
116.752
130.265
99.323
118.786
122.306
139.786
190.065
180.832
121.218
127.079
175.728
127.174
142.684
143.254
137.053
208.872
150.139
164.408
142.834
145.858
143.612
150.588
107.029
152.594
175.010
135.367
139.846
158.458
134.628
149.170
189.877
169.526
164.607
158.098
146.071
134.867
113.731
162.241
126.399
122.859
115.679
121.177
142.462
132.049
138.258
139.100
116.636
113.590
90.477
91.908
98.694
103.592
104.878
111.257
110.393
91.706
100.693
107.193
113.236
121.250
106.520
110.303
106.792
128.235
129.583
137.377
153.734
122.795
100.843
129.800
112.914
114.541
151.175
187.088
178.639
267.560
227.096
216.677
266.703
221.177
287.589
169.122
216.330
163.197
184.819
159.373
139.718
159.611
180.374
177.680
137.427
214.148
233.026
207.427
223.114
142.616
213.466
209.594
238.015
224.087
173.759
224.432
226.282
238.258
302.037
314.514
226.837
276.747
306.183
238.728
216.935
225.559
270.876
198.869
143.314
183.126
186.038
246.232
246.047
268.193
270.241
159.660
157.957
153.497
213.393
140.719
184.188
167.649
169.235
204.705
187.735
175.074
206.178
202.559
197.151
140.167
221.508
58.721
59.281
65.704
64.946
75.369
67.012
74.038
68.301
79.681
58.595
73.737
75.372
83.261
77.498
64.526
64.258
79.730
80.245
69.886
73.857
69.738
71.178
73.153
81.211
69.868
74.035
79.047
75.432
80.261
77.785
78.642
73.571
76.955
72.881
78.936
69.288
68.225
60.889
66.580
65.051
73.471
82.673
82.470
83.881
86.377
89.555
101.294
96.259
94.441
95.964
102.579
79.107
85.043
104.110
89.804
84.949
94.350
97.499
108.374
89.420
91.006
91.066
107.375
111.571
121.837
113.500
115.806
121.112
107.852
108.129
100.947
121.418
104.128
112.966
110.060
122.946
128.507
107.601
104.196
94.630
90.826
116.672
85.382
93.423
95.122
77.290
98.186
89.555
86.530
85.252
88.867
69.527
74.438
70.692
71.152
89.244
87.507
73.076
70.424
65.623
72.428
68.917
60.129
64.865
63.696
72.736
70.942
70.070
72.031
65.843
65.016
61.758
74.052
67.794
69.531
73.804
71.342
72.353
74.035
64.810
75.656
79.966
64.038
74.702
76.968
68.833
67.859
70.345
82.453
87.515
100.186
83.760
84.672
89.121
82.690
88.734
101.042
90.393
104.753
102.619
97.579
122.505
109.375
112.026
124.336
128.186
105.523
93.216
101.343
93.987
94.367
103.008
103.586
116.510
115.580
115.826
114.539
111.140
101.212
102.078
117.172
100.574
101.237
113.544
104.233
104.622
112.871
101.804
110.668
104.547
121.222
92.595
95.987
120.058
100.639
116.996
100.221
119.019
131.700
108.883
123.373
104.348
92.107
111.002
94.818
105.461
94.209
108.454
94.058
88.374
115.530
107.052
103.238
95.544
99.101
132.836
113.485
86.462
95.592
123.817
124.605
87.488
106.342
91.900
91.626
98.523
94.484
77.693
90.961
79.060
73.577
81.784
89.656
85.426
83.278
84.664
87.544
88.742
104.077
122.972
113.455
130.604
148.061
138.978
108.686
114.291
106.705
119.825
140.445
128.939
130.647
131.675
137.482
114.508
122.898
137.503
118.852
101.739
120.288
102.658
100.036
99.600
104.708
100.795
108.268
79.417
79.911
94.733
89.264
81.123
91.157
83.258
85.352
80.575
93.829
105.067
89.261
114.352
103.626
109.846
113.773
101.252
117.046
111.160
96.410
115.075
90.007
111.026
124.844
106.264
107.084
120.446
108.893
119.995
107.268
112.480
94.751
82.630
80.773
112.035
102.784
107.530
89.017
110.658
86.257
107.006
99.971
101.897
91.476
83.168
122.629
94.138
106.095
92.977
85.398
109.533
93.750
93.731
105.070
109.087
116.120
106.066
107.862
111.448
90.651
85.689
96.691
92.532
114.180
86.784
125.916
110.904
113.210
111.348
110.526
137.418
113.766
107.834
110.621
149.476
129.000
109.908
89.360
113.467
103.240
106.060
98.643
107.584
130.837
109.588
109.382
114.011
95.302
95.816
111.444
117.638
96.603
85.723
83.714
96.329
90.374
108.469
80.263
84.335
83.959
97.992
88.669
91.999
87.921
91.469
90.224
82.561
93.076
88.717
75.080
97.015
107.851
79.218
90.790
97.209
76.956
102.727
75.451
84.390
82.336
78.809
88.903
83.236
90.736
89.377
98.015
77.488
95.953
118.586
89.057
81.616
106.543
80.869
85.706
69.822
68.581
85.998
67.116
76.823
80.229
86.481
97.302
97.366
71.254
87.733
73.711
71.136
78.878
76.887
86.519
61.682
63.957
63.623
57.605
54.714
60.688
59.628
58.738
57.043
57.187
64.281
56.235
59.937
61.669
55.561
57.390
57.657
67.954
58.121
69.274
67.761
62.903
63.915
62.946
64.517
73.363
62.785
71.775
72.588
74.728
72.542
70.622
66.060
75.477
66.235
73.951
66.727
65.926
64.129
64.465
64.439
66.890
66.082
65.039
66.364
68.195
70.261
62.349
63.255
68.792
59.691
74.275
77.051
73.731
78.680
77.865
77.572
68.594
66.729
76.264
70.046
62.096
80.990
81.324
66.093
59.687
65.140
62.758
66.714
76.107
74.343
70.424
74.112
59.771
56.149
59.015
72.866
65.969
65.239
63.389
78.091
65.541
60.855
61.184
60.073
57.156
64.322
62.064
62.929
60.580
58.184
59.636
60.626
57.301
61.615
57.594
66.555
56.313
59.290
55.019
55.175
58.445
57.831
57.403
56.190
63.938
58.867
59.846
72.579
78.867
73.670
61.951
74.133
70.944
71.001
72.952
66.781
70.172
64.834
77.228
67.589
65.890
75.966
64.138
65.895
61.325
58.405
63.959
63.692
79.065
71.286
61.625
74.299
65.293
83.148
76.155
77.799
67.080
69.000
67.916
78.085
78.892
77.460
72.883
66.871
69.173
66.244
64.818
68.241
74.359
61.512
63.157
59.358
65.065
63.313
72.611
64.921
71.823
60.995
58.983
56.753
59.423
56.740
56.109
57.577
56.691
56.289
68.632
58.037
55.394
58.139
56.464
54.392
63.755
62.827
54.127
66.251
55.808
54.412
59.924
55.032
61.095
58.921
63.012
54.314
54.647
61.261
56.011
85.690
67.347
65.849
69.943
74.307
73.021
74.829
72.666
79.416
77.340
85.372
87.480
87.541
75.254
75.949
78.672
71.987
83.407
79.390
74.091
85.250
87.263
72.454
75.440
67.430
84.045
74.739
67.385
74.206
74.821
66.907
72.536
85.902
75.220
77.664
72.003
74.883
94.697
67.800
75.346
92.402
75.102
71.317
76.673
68.723
73.570
76.236
82.020
66.677
77.502
66.401
70.227
81.634
63.463
72.074
76.414
75.612
89.830
70.957
73.976
74.300
70.365
62.928
70.482
67.622
76.448
70.071
75.830
67.991
66.405
67.330
70.911
79.536
77.837
80.416
72.616
72.268
70.870
82.506
75.508
71.020
79.878
82.159
76.288
72.068
81.104
94.908
88.810
90.842
82.072
81.311
84.912
109.319
98.115
91.749
81.859
79.869
99.211
95.006
84.655
87.321
77.431
77.316
82.366
74.809
85.644
90.980
93.683
83.123
55.507
91.517
84.373
82.085
91.380
96.021
75.099
80.332
75.577
66.034
89.420
100.459
75.497
70.741
92.881
90.225
101.592
69.938
81.795
77.923
95.543
75.560
84.976
88.943
66.776
88.212
80.519
65.608
80.400
87.198
68.303
76.839
83.902
71.510
80.543
85.882
82.500
94.872
99.079
82.984
83.239
70.024
63.613
67.617
65.521
62.343
60.214
58.057
57.000
61.954
68.866
55.922
63.179
58.864
50.664
58.129
59.557
54.716
61.247
71.257
77.650
68.381
80.470
71.107
78.258
88.984
70.016
71.784
74.754
72.091
69.905
74.343
74.896
65.588
65.073
70.002
67.019
79.448
101.981
80.194
93.920
87.586
76.190
77.762
68.353
68.922
69.769
68.820
81.040
64.842
68.922
71.832
62.420
60.265
67.182
52.897
54.334
77.861
61.553
51.411
53.068
58.589
64.365
53.015
55.614
62.255
60.029
68.691
82.725
66.791
80.650
65.713
76.098
70.119
58.818
60.747
69.156
68.724
62.444
62.485
59.612
67.665
73.587
59.479
58.816
59.175
67.984
62.697
57.241
59.819
83.910
59.224
70.505
58.295
60.878
59.772
59.251
60.092
67.070
60.474
57.021
73.353
73.554
71.820
62.325
62.373
67.513
66.625
65.421
76.714
76.162
57.717
58.510
68.141
67.598
61.255
75.957
73.663
76.273
71.068
63.931
71.197
68.611
72.998
86.920
68.859
71.546
67.507
66.560
67.307
80.890
70.380
67.381
67.500
68.637
82.354
69.270
69.028
93.656
73.372
83.565
62.560
67.839
68.984
71.793
71.811
68.160
83.377
83.341
87.120
81.169
78.573
76.316
85.955
74.808
75.644
68.679
84.018
89.417
85.614
93.528
83.540
89.926
99.831
74.644
97.068
89.085
88.879
89.379
79.915
85.630
90.013
95.233
83.800
96.964
91.137
79.735
99.259
80.225
95.439
77.692
84.519
119.850
82.473
109.196
76.785
82.939
69.337
87.238
81.626
70.265
88.980
86.839
76.988
69.389
68.485
74.389
63.777
64.189
66.832
62.100
66.781
62.924
62.192
53.649
62.423
56.611
66.005
74.466
69.321
57.287
60.428
62.530
65.255
55.418
68.010
76.556
135.162
143.372
122.564
126.514
