320.234
213.008
237.787
256.050
198.619
244.588
256.787
199.972
237.307
209.186
295.980
221.497
253.124
256.241
197.479
220.316
264.065
226.937
188.660
194.610
176.146
223.139
233.897
233.655
176.465
188.281
216.548
221.964
165.867
219.957
232.536
242.532
232.417
245.226
267.643
267.430
247.119
268.289
261.901
234.550
228.478
244.928
246.273
252.499
266.705
259.356
279.945
282.472
252.480
320.964
268.572
256.132
312.444
267.672
300.337
255.899
268.140
205.398
253.055
270.626
280.680
268.788
273.540
248.876
260.709
315.106
287.701
305.293
313.649
338.486
338.109
335.046
288.959
285.604
250.854
278.890
286.574
281.148
273.981
283.402
303.413
313.114
295.575
290.671
327.944
312.577
288.864
285.860
344.888
302.462
274.893
290.590
302.101
301.602
335.164
311.533
368.882
338.640
343.820
337.998
279.587
290.343
299.474
301.607
262.734
251.252
283.042
314.172
291.576
315.256
323.210
317.092
312.970
271.932
304.608
278.017
284.068
284.962
275.837
295.169
329.691
256.933
299.692
306.320
302.078
265.323
301.857
313.600
270.297
253.811
252.516
285.400
256.179
281.760
322.684
250.131
224.163
297.107
307.071
285.745
264.657
298.175
241.297
239.920
219.673
263.381
258.700
316.629
310.593
260.946
276.887
257.475
248.336
306.602
286.272
270.208
317.186
280.569
290.182
280.473
303.222
295.663
316.650
319.772
291.038
291.289
309.463
270.586
257.271
279.243
229.578
289.736
286.516
242.594
257.906
235.407
242.593
193.037
248.238
232.554
275.325
245.366
293.511
249.989
245.464
272.222
326.030
260.217
262.683
334.902
299.119
307.542
305.890
330.328
367.101
340.237
328.311
343.960
291.275
277.055
266.342
318.224
316.460
301.029
314.381
332.094
340.262
339.442
324.772
304.337
304.371
372.109
384.845
344.402
362.907
315.342
355.141
362.421
339.012
349.218
394.187
321.100
297.763
295.819
280.075
314.335
321.008
313.782
323.776
309.361
362.104
312.038
279.740
343.472
322.046
297.642
287.983
292.103
281.535
336.079
336.000
291.972
306.851
317.713
307.119
323.076
361.731
353.355
337.238
331.110
266.103
265.758
289.982
369.131
292.102
273.137
261.088
256.312
247.584
268.546
220.692
251.217
254.858
231.943
243.872
292.256
259.877
308.452
259.552
241.134
200.964
251.267
245.651
252.949
234.557
248.033
260.224
254.824
209.488
293.637
320.982
241.989
247.018
274.368
239.550
237.209
210.192
245.653
248.430
240.717
297.018
251.929
211.715
198.615
185.807
221.957
211.216
235.269
190.048
170.877
241.358
173.644
201.674
233.240
246.633
228.314
217.909
199.082
187.276
190.366
187.914
190.065
149.677
175.514
172.466
158.706
171.716
134.705
170.364
175.551
167.381
191.590
170.077
199.452
328.202
279.142
332.509
295.632
295.208
350.331
290.107
350.633
256.689
310.979
267.154
332.497
253.927
272.599
273.059
287.146
305.795
279.534
305.984
254.432
268.241
245.414
328.322
267.239
280.623
281.058
309.211
272.385
275.713
262.419
283.055
303.905
260.075
295.991
291.668
212.550
316.262
305.539
276.270
324.022
236.642
270.452
251.012
276.277
301.671
290.056
260.537
316.619
294.812
261.179
282.124
272.413
266.495
311.645
314.663
272.920
265.493
290.126
278.408
243.748
314.794
302.031
278.879
326.765
290.154
304.131
301.035
348.012
289.652
335.163
313.427
323.024
385.612
297.313
313.411
285.434
263.306
328.713
294.307
258.424
332.974
334.558
315.152
353.108
325.235
360.949
327.809
345.490
274.579
302.995
282.993
313.898
330.419
323.512
348.833
309.207
293.856
304.024
276.490
276.181
309.417
363.850
303.281
303.220
312.680
327.255
339.485
292.380
317.780
334.521
332.609
309.575
343.398
325.042
289.674
355.271
355.791
342.290
325.811
323.296
337.852
323.433
311.878
300.947
312.227
267.436
246.987
286.841
280.551
302.420
261.806
272.888
244.462
266.486
246.956
268.409
233.614
246.341
278.713
270.398
288.204
280.867
267.959
259.022
245.401
270.754
250.169
318.665
268.139
278.184
249.071
267.546
301.722
292.685
285.879
258.596
270.566
289.892
267.496
313.652
325.059
305.937
239.553
243.871
311.680
254.286
275.262
322.263
316.704
307.470
328.651
291.633
245.585
252.955
247.553
232.362
247.587
217.735
254.299
230.224
256.463
259.949
226.495
302.527
242.467
247.607
246.912
241.311
244.406
289.929
257.522
313.033
279.097
320.097
299.387
302.722
338.737
325.939
294.019
265.762
320.929
291.885
303.835
305.934
337.386
346.895
313.713
262.736
269.191
257.108
303.530
280.082
266.294
247.427
301.218
257.979
323.672
304.532
268.673
357.291
293.712
307.586
302.243
247.094
236.173
295.133
278.764
292.058
294.901
276.549
347.548
290.032
257.810
312.878
272.911
303.556
299.945
289.661
278.647
341.721
296.661
247.390
290.775
317.384
256.427
311.629
307.631
288.866
280.153
317.958
290.120
314.087
306.809
329.127
359.516
268.007
365.169
313.554
328.187
345.673
346.845
320.211
346.790
343.807
372.157
292.541
329.853
328.031
303.116
277.934
286.291
276.609
309.573
284.224
347.817
360.261
302.639
312.099
276.661
304.811
295.510
305.859
307.544
345.777
304.919
372.623
336.371
354.348
326.021
340.109
321.638
315.970
315.315
303.881
323.419
282.698
327.595
310.983
334.518
340.968
316.058
309.069
328.753
339.833
315.226
317.860
298.011
279.570
284.012
290.363
248.907
260.079
240.391
235.550
345.705
329.689
246.226
286.336
253.460
275.008
291.734
259.878
273.242
289.187
291.903
302.675
301.863
258.594
260.052
280.436
283.525
266.124
256.040
271.815
273.222
254.978
242.514
282.921
271.327
243.924
267.069
299.767
246.395
293.071
246.905
261.317
251.865
255.913
195.934
248.342
264.086
244.601
272.160
276.028
243.082
280.287
331.130
269.266
256.065
290.786
276.766
266.098
278.769
280.590
319.700
289.329
257.860
234.956
237.387
222.015
281.674
212.639
150.584
183.538
175.235
205.157
199.121
171.325
197.549
207.343
195.182
199.141
206.650
180.490
200.090
185.975
210.610
236.319
251.694
203.258
223.223
184.266
149.307
207.283
221.328
198.738
202.592
228.650
184.315
187.741
114.385
222.182
161.094
219.173
271.366
200.471
257.528
262.164
283.435
247.240
230.466
245.365
212.150
243.273
211.776
235.188
238.377
222.797
232.442
223.289
206.238
243.291
272.573
236.418
254.220
269.237
265.903
233.703
269.581
281.351
292.410
282.720
248.208
281.321
235.153
238.194
272.228
285.091
282.761
234.231
257.792
284.944
302.949
279.204
280.178
286.733
300.116
319.971
304.242
284.057
324.139
298.183
279.122
356.533
335.880
344.974
315.527
342.208
268.210
294.047
295.077
285.808
259.134
254.626
322.151
370.253
360.052
357.628
346.105
398.019
360.168
349.499
330.199
326.977
365.896
303.056
349.920
317.841
359.342
313.387
356.648
395.425
364.964
349.983
338.420
325.162
304.112
287.105
242.473
295.432
290.890
379.090
279.090
234.545
248.118
287.006
274.016
266.083
308.801
253.361
245.460
286.533
258.568
241.948
245.077
284.596
316.719
315.603
303.232
262.993
275.057
258.369
234.950
245.116
332.552
274.337
285.272
305.903
223.769
223.995
246.497
246.782
215.693
256.728
210.526
247.081
247.628
282.814
182.905
242.059
284.931
264.307
223.612
230.301
262.568
251.060
201.339
222.103
226.566
253.199
256.315
228.151
232.040
245.745
244.436
249.620
232.411
259.180
225.250
244.407
250.547
212.083
221.142
219.864
263.088
219.118
231.337
223.658
216.600
209.213
283.704
277.301
269.299
244.104
211.204
211.969
188.726
196.758
206.828
220.830
211.008
243.957
242.248
223.117
200.920
222.215
239.558
187.020
221.972
219.554
221.050
212.047
233.866
213.295
261.809
284.797
252.031
201.009
260.027
277.897
206.509
212.247
234.505
223.189
231.696
244.312
201.332
222.015
174.537
188.361
237.244
222.673
187.231
248.220
208.250
271.096
234.770
215.603
220.935
235.433
210.475
230.867
234.251
212.693
209.739
187.238
183.845
214.064
150.685
208.025
219.394
169.468
259.907
213.997
250.488
192.534
207.796
162.273
189.224
212.786
185.486
233.866
166.265
187.432
213.618
198.413
200.353
240.257
235.222
221.260
207.206
189.962
190.044
159.325
195.502
255.797
213.521
224.270
269.076
224.102
212.577
196.632
235.996
221.611
220.856
245.244
269.991
215.034
221.522
163.986
214.077
165.331
221.527
200.157
230.780
251.111
233.612
225.665
223.651
307.529
284.242
255.822
226.966
210.206
234.737
211.156
233.275
276.810
198.635
187.945
246.233
174.727
189.661
212.727
275.539
200.677
209.428
222.208
195.139
231.432
261.828
262.546
283.798
336.974
270.373
229.164
209.139
255.693
238.048
252.461
242.976
234.855
213.500
248.272
246.874
200.985
237.132
268.341
247.866
197.734
211.697
297.597
256.122
211.119
282.561
230.983
226.075
239.277
219.671
246.264
261.966
266.806
284.366
217.294
237.648
234.277
270.848
224.407
242.980
271.461
223.784
269.405
267.581
208.677
301.530
261.247
224.165
245.324
292.786
266.773
241.575
259.284
259.161
293.022
242.625
248.202
245.530
258.094
215.171
198.145
269.731
196.342
280.841
283.532
280.381
297.339
261.209
290.035
263.762
294.773
255.829
287.534
251.616
224.142
237.004
310.099
275.980
303.876
308.713
431.192
291.465
268.578
282.427
224.245
277.051
279.883
308.777
313.653
294.671
300.584
372.847
317.837
369.450
268.043
338.850
304.019
333.472
299.716
319.085
302.336
297.015
321.551
275.678
310.907
260.801
334.886
396.675
335.520
414.133
354.882
353.680
312.631
327.249
346.139
366.668
296.954
300.686
295.904
323.761
317.611
287.618
297.575
333.796
289.596
374.997
300.304
336.429
345.536
360.261
357.406
378.818
397.405
332.428
352.713
311.749
332.962
338.118
316.339
330.842
390.097
369.033
339.515
322.675
396.201
380.432
352.499
282.781
355.538
337.188
360.516
324.621
334.206
334.906
341.474
347.604
349.118
328.994
347.600
379.780
400.264
357.638
326.569
319.610
326.639
296.721
329.902
317.121
368.154
362.909
347.359
334.233
348.266
357.836
386.609
309.807
350.780
293.997
351.672
329.059
307.603
324.218
307.570
305.079
353.716
331.841
327.664
257.453
367.107
348.943
292.233
310.040
275.912
316.904
313.663
287.724
304.780
297.593
285.941
302.888
325.666
331.121
266.697
308.427
313.821
311.128
308.236
328.446
287.504
324.980
349.368
287.245
293.434
333.080
341.146
277.251
265.736
273.903
261.633
257.466
200.775
299.474
238.032
237.038
305.391
221.214
260.804
287.093
302.646
310.216
288.213
302.787
293.146
315.609
288.710
284.320
297.994
271.912
238.920
249.796
282.862
267.475
261.125
277.872
260.309
263.469
315.377
295.534
279.429
321.665
302.000
319.435
309.084
298.752
289.932
280.455
333.124
294.167
254.987
268.352
303.165
271.218
297.258
302.118
315.923
272.137
289.792
282.671
315.086
287.572
347.639
283.677
305.950
314.007
325.065
329.281
243.613
252.902
295.728
319.174
322.017
346.794
299.949
339.292
349.654
333.109
316.065
330.138
439.106
400.113
430.692
355.061
310.618
337.447
336.523
351.358
343.766
344.998
341.442
389.312
388.039
368.909
411.834
306.657
297.794
309.638
286.862
259.140
257.729
325.989
277.579
255.805
294.826
311.624
310.066
285.426
240.497
299.313
265.864
270.517
254.136
277.606
257.005
316.941
358.137
330.890
295.932
324.780
256.582
319.096
334.509
319.947
265.554
279.734
245.580
249.977
239.457
310.753
240.524
258.983
274.121
273.865
297.503
303.261
332.423
237.680
239.261
306.283
225.678
264.089
267.596
313.481
265.354
258.723
295.401
255.884
284.111
269.032
281.725
254.822
285.313
311.097
293.267
270.659
289.846
307.672
323.328
286.566
284.258
297.236
277.057
244.344
270.241
256.337
259.888
241.953
295.244
233.875
246.749
279.169
253.411
245.588
260.721
300.562
235.885
258.094
237.663
258.857
275.180
258.563
243.126
244.801
226.201
277.795
53.028
273.652
217.396
266.556
279.642
301.606
272.861
258.695
266.837
255.898
275.397
245.676
240.773
210.442
244.168
219.771
253.449
196.616
247.106
164.072
207.070
208.398
217.794
157.692
228.393
187.035
195.469
200.866
196.811
229.805
203.070
211.533
240.222
214.630
215.608
204.216
211.236
189.387
226.780
180.055
199.285
172.058
243.177
208.575
215.031
203.016
252.604
236.404
167.231
183.259
184.691
139.218
198.401
232.817
196.946
188.027
191.125
178.105
217.572
241.562
244.207
257.517
231.949
210.368
267.982
257.042
202.105
214.459
220.566
239.995
211.118
206.264
181.341
186.651
166.359
201.617
233.793
233.879
221.355
224.657
229.960
199.065
180.713
246.166
236.403
208.511
251.691
225.488
226.696
219.814
198.158
239.422
231.315
205.241
217.771
204.734
211.303
272.897
230.628
233.423
196.134
186.499
191.523
217.206
230.340
233.719
287.426
270.187
288.155
246.041
264.215
239.022
224.617
217.017
212.514
239.036
297.386
210.146
195.276
243.044
204.164
273.576
194.937
260.304
183.640
279.093
210.969
201.950
182.071
198.223
159.026
206.252
181.578
213.903
229.313
208.326
241.414
185.151
227.978
185.540
198.676
178.114
215.274
152.491
252.075
285.677
308.916
261.618
281.421
328.678
270.921
235.168
263.523
245.845
303.159
273.484
256.795
265.996
246.678
227.332
258.421
241.582
249.244
268.299
297.496
316.262
264.010
279.049
262.641
217.059
274.014
262.331
265.997
235.113
257.343
251.359
247.290
275.623
246.746
307.042
244.777
248.453
245.479
288.716
277.182
221.388
245.199
250.007
272.973
271.794
255.008
263.473
261.057
310.046
249.982
268.414
282.216
280.404
331.703
255.114
287.848
322.587
288.606
338.933
374.722
352.437
339.962
322.491
305.924
296.994
367.934
304.189
350.093
328.572
334.281
348.916
318.445
296.557
341.582
323.729
317.399
299.260
337.145
312.625
329.100
325.291
327.260
288.185
293.311
346.007
266.910
370.668
347.673
281.188
278.748
298.524
284.727
316.943
284.133
246.941
295.539
330.967
284.417
300.859
259.277
295.368
277.266
292.406
334.074
263.441
247.859
272.458
284.329
227.495
259.600
243.654
191.363
273.053
291.618
263.314
239.028
