249.082
162.438
145.504
142.709
148.652
147.674
145.564
142.937
149.596
144.301
139.891
141.417
139.920
143.619
141.792
141.949
146.084
144.675
154.752
143.922
141.202
143.024
149.267
146.319
156.077
142.725
141.383
144.736
140.928
141.353
147.019
147.473
146.101
146.616
144.862
146.941
141.589
140.628
145.657
147.938
142.055
148.955
148.448
148.630
142.791
142.161
147.428
145.019
146.414
145.164
140.993
139.492
144.233
142.558
149.293
146.746
140.851
147.928
145.080
145.389
158.062
143.814
148.081
146.763
152.245
155.695
152.323
144.840
152.589
138.426
146.634
147.640
148.483
146.447
145.734
152.324
146.432
143.126
146.700
146.122
153.999
193.374
147.306
145.100
143.613
162.227
145.323
162.458
160.869
154.984
146.656
146.637
146.113
142.150
167.392
159.198
148.390
150.742
149.310
146.258
146.888
166.977
151.516
157.103
167.285
143.213
146.821
152.675
148.789
155.062
151.387
149.691
159.767
156.437
148.088
151.088
147.652
149.152
151.883
150.586
147.022
155.360
143.000
154.734
150.990
146.550
150.315
145.289
144.690
149.589
153.488
146.034
153.783
150.398
170.861
144.442
146.785
148.055
150.151
162.843
167.007
154.323
154.839
160.946
163.669
162.096
167.396
151.868
150.759
174.684
152.591
147.749
149.917
155.034
144.455
147.938
168.126
152.583
155.555
159.727
152.287
155.793
144.361
150.898
153.653
166.144
169.189
154.704
153.219
148.450
145.752
148.592
165.434
152.071
150.551
145.433
146.826
167.805
159.148
156.776
162.080
164.922
169.020
155.434
148.269
173.968
167.358
155.933
159.128
162.697
160.682
159.343
156.636
148.770
170.650
147.505
156.192
157.316
159.021
147.601
148.633
153.184
151.188
150.220
150.493
162.314
159.562
157.666
158.296
150.443
158.452
154.901
152.018
153.064
157.575
166.652
150.838
158.438
156.896
163.272
160.952
171.622
180.855
155.453
153.368
148.742
151.869
154.071
153.592
154.486
171.483
182.364
150.099
164.581
176.265
164.134
159.283
163.224
163.970
180.116
165.095
160.194
146.266
158.363
160.821
158.226
156.945
176.488
156.608
160.544
165.608
153.928
158.384
157.806
162.182
153.544
155.601
154.563
154.044
155.437
160.898
146.789
149.962
150.718
151.249
150.703
154.503
154.977
158.990
162.634
164.865
174.788
163.699
152.983
163.093
167.254
160.718
169.189
156.552
149.292
159.952
152.317
157.746
157.317
158.206
156.503
150.917
161.135
151.191
153.854
160.468
158.534
159.459
151.088
156.558
150.611
164.801
166.656
158.656
154.821
167.321
155.286
151.302
147.731
149.583
169.961
154.927
170.282
176.880
151.900
154.177
151.793
159.152
163.478
157.930
155.521
153.980
160.503
163.353
166.948
155.447
171.019
145.703
162.762
170.840
153.235
154.735
166.533
175.979
161.254
168.363
150.620
167.071
159.511
147.722
166.051
164.443
156.530
164.057
174.597
167.323
153.868
160.935
156.472
154.035
153.098
152.318
159.724
156.570
154.468
149.637
153.269
151.915
152.449
159.294
156.579
159.452
159.113
157.212
152.813
155.339
147.402
147.500
149.174
159.587
154.428
160.682
151.731
149.806
157.137
151.316
150.737
163.979
153.793
150.070
151.173
152.675
152.093
148.270
151.857
148.548
147.922
152.050
149.292
153.320
151.875
162.030
155.589
153.569
163.595
147.429
163.843
155.191
157.442
158.925
155.031
151.855
158.741
154.122
159.331
154.925
154.380
151.894
152.809
150.677
154.933
149.726
156.216
148.073
158.799
150.961
152.323
163.639
148.244
150.964
157.253
151.744
154.255
153.453
156.975
155.397
158.737
156.867
157.351
150.686
153.942
156.799
150.982
155.870
153.823
153.801
153.130
156.457
147.604
150.504
151.433
151.377
148.968
148.719
147.425
155.982
161.192
156.978
155.747
152.919
150.688
154.410
157.871
161.151
156.695
172.272
166.162
156.817
148.818
153.234
150.694
158.174
156.819
156.184
162.537
151.906
153.119
157.576
150.347
156.681
158.302
160.040
158.513
146.623
156.799
160.089
157.438
155.895
161.715
150.231
155.230
162.427
153.224
150.042
150.982
147.051
161.846
153.587
158.390
150.702
149.638
156.448
165.984
162.947
155.240
155.501
164.412
154.407
153.103
153.131
161.621
151.724
155.411
164.237
154.199
158.192
152.736
156.964
159.436
159.699
154.847
155.770
159.155
173.028
160.303
161.495
158.589
155.930
153.440
154.421
157.152
159.063
161.294
155.769
156.006
155.132
161.986
155.615
160.770
159.358
153.062
154.802
156.517
160.995
163.061
162.112
151.816
148.661
150.223
156.103
155.664
152.445
158.356
158.457
166.232
153.135
155.043
154.568
151.567
154.587
152.768
162.331
157.139
155.828
155.484
150.056
158.048
155.349
152.276
154.903
151.743
153.467
152.436
155.278
155.211
152.836
148.939
151.079
161.257
155.696
158.119
166.718
159.815
148.108
151.353
159.645
160.282
154.075
159.229
159.681
158.716
152.638
159.224
150.295
156.974
149.311
166.693
157.138
162.051
154.944
161.849
155.226
155.780
158.793
176.485
158.741
162.638
152.965
155.875
158.854
152.737
161.258
149.782
151.395
154.402
151.341
161.566
155.956
150.271
153.010
157.649
163.031
169.209
165.363
156.096
153.075
160.930
159.781
156.795
159.682
159.151
155.181
155.167
157.728
152.788
154.526
161.896
162.072
167.036
155.517
157.356
151.683
157.267
155.591
152.445
158.428
166.035
165.777
159.264
153.634
160.169
155.150
155.461
160.567
157.744
156.783
163.592
160.057
166.569
154.792
156.065
157.511
153.184
158.431
153.119
156.020
157.559
151.716
158.300
158.019
156.729
157.033
159.674
160.007
159.272
161.753
157.038
151.550
153.458
150.702
149.632
154.163
154.165
152.424
152.078
157.918
161.510
152.719
151.135
164.274
156.404
157.693
151.094
155.428
159.439
164.974
159.489
158.607
157.450
156.672
152.448
157.009
189.894
160.675
157.549
153.514
150.581
152.335
150.717
152.942
166.740
158.524
155.131
154.150
161.577
158.267
162.107
158.909
154.438
152.183
155.234
156.543
162.014
161.552
158.862
157.977
154.864
176.279
148.386
152.741
151.222
148.111
154.012
150.787
162.552
160.142
151.020
147.908
151.345
148.997
161.833
155.523
152.924
156.070
150.465
157.042
161.728
162.170
155.483
156.757
158.640
151.138
153.760
155.478
153.538
153.912
155.013
151.497
151.074
160.137
161.393
149.109
147.676
152.435
160.345
153.324
152.597
156.509
149.302
164.801
151.451
166.694
154.906
154.871
164.325
159.970
156.731
157.276
152.961
153.739
150.592
154.950
156.204
159.462
147.790
156.264
151.725
154.620
154.810
154.696
163.774
154.580
155.029
150.763
151.559
153.220
151.145
155.420
148.049
157.633
155.320
161.465
152.197
148.335
152.255
155.996
155.652
168.893
158.344
157.987
151.456
164.879
150.058
152.803
150.144
161.905
163.712
154.410
158.346
160.572
160.923
161.304
149.246
161.165
152.394
157.782
156.938
157.771
158.123
154.610
153.977
151.887
150.616
157.312
151.058
155.137
153.547
157.849
158.670
154.104
148.495
153.334
155.106
158.293
155.674
151.229
151.386
151.057
151.882
152.565
151.207
149.588
155.882
151.871
148.600
149.256
153.461
152.319
156.740
153.533
149.692
151.107
163.007
151.733
161.040
157.904
150.271
159.214
161.858
157.089
156.308
162.715
154.367
175.504
156.730
154.016
153.305
150.243
166.643
156.500
158.408
155.726
148.516
149.979
156.330
154.586
160.493
150.314
157.450
153.140
158.264
151.515
154.888
155.387
151.336
155.386
151.775
149.202
154.527
152.261
156.416
157.502
159.087
159.160
158.752
155.931
154.327
161.328
163.783
155.733
154.767
160.123
153.679
158.874
174.932
158.271
158.120
157.141
152.533
154.894
157.804
158.024
168.043
155.339
154.451
177.294
159.668
148.359
153.766
157.626
154.327
149.648
157.006
154.405
161.368
154.189
157.270
160.042
158.343
155.772
153.104
154.643
156.821
154.934
159.362
154.673
154.139
153.653
150.644
152.836
151.753
154.049
158.979
162.477
152.556
148.723
162.613
151.847
156.744
147.782
153.550
174.648
159.895
162.334
154.257
155.743
149.980
154.730
158.120
162.239
156.044
156.194
159.449
157.930
153.848
149.939
158.205
157.083
147.738
149.017
160.393
156.156
148.588
150.920
153.549
152.032
156.558
150.010
155.947
157.642
151.506
152.704
154.186
159.356
155.767
155.911
157.687
154.412
157.670
156.024
155.411
149.898
152.387
153.441
159.971
148.425
157.604
157.421
153.430
154.166
169.344
159.392
159.755
155.367
159.971
156.545
157.893
160.605
160.792
156.941
152.268
155.211
160.115
154.103
156.119
157.820
162.046
162.070
151.589
161.794
153.756
156.312
150.809
155.269
151.930
151.029
154.679
151.750
155.737
154.193
151.128
160.741
154.504
154.810
152.580
155.663
152.640
149.405
156.100
161.725
160.525
152.891
156.983
150.259
153.982
157.294
155.341
153.437
150.980
160.659
159.736
158.565
160.547
150.283
170.248
154.767
157.477
149.223
151.466
155.927
149.107
167.777
154.582
154.286
148.917
150.195
144.486
157.798
146.568
156.597
156.360
156.773
155.407
150.669
148.408
155.065
154.356
151.333
153.918
155.005
154.216
146.974
154.452
149.976
155.531
148.220
159.144
160.515
154.840
154.768
153.315
155.733
156.625
153.843
154.240
153.335
151.743
156.080
149.129
157.894
150.936
159.494
160.696
151.786
157.250
157.347
157.574
158.080
151.706
149.714
149.776
152.793
150.648
159.816
161.110
146.890
155.945
174.059
157.988
152.596
156.338
160.283
152.434
155.195
156.091
154.464
153.759
154.186
153.118
156.967
151.253
152.444
151.105
165.278
156.514
157.026
180.479
153.481
168.052
157.931
155.175
156.853
157.933
155.325
154.906
154.857
163.519
153.659
165.598
161.741
150.646
157.289
150.506
148.494
154.412
153.004
155.066
148.191
167.263
174.013
148.699
156.024
157.508
152.302
159.371
165.900
151.744
153.719
148.504
154.727
156.850
153.420
157.294
157.358
153.757
160.792
153.970
149.024
170.494
176.682
165.965
156.682
152.244
157.243
165.839
159.162
154.287
160.284
157.479
156.221
153.651
157.684
162.493
157.039
156.413
151.121
153.967
152.965
160.375
153.630
159.807
157.002
153.290
155.299
167.511
154.180
156.208
153.029
161.725
168.050
163.938
155.156
158.090
168.585
159.845
162.398
165.723
172.474
164.943
156.101
150.940
153.189
151.112
173.384
163.318
151.194
157.593
154.290
157.646
155.695
154.983
167.188
154.200
159.561
155.038
148.880
153.126
157.660
159.246
152.811
166.380
150.232
153.638
161.410
162.216
156.813
155.118
163.093
160.256
157.271
150.141
153.433
160.534
155.561
156.717
151.546
157.031
159.960
149.925
162.795
156.156
149.463
152.995
156.505
156.159
161.701
160.561
159.503
156.466
172.690
157.605
154.285
153.376
157.406
150.750
151.124
158.141
157.378
154.032
154.158
159.487
152.545
156.468
149.903
152.341
154.465
155.398
159.532
149.180
162.580
151.682
156.731
155.794
157.536
151.882
155.011
156.210
168.712
153.076
182.265
165.864
155.305
156.480
171.760
167.440
162.127
180.194
185.419
189.072
177.849
184.126
175.144
181.922
195.380
188.390
213.568
196.234
182.104
175.826
181.569
189.510
178.749
166.110
168.357
175.831
181.621
175.696
172.509
169.312
173.479
168.953
170.662
164.383
165.219
164.521
157.601
155.087
166.390
159.455
167.462
158.757
168.309
150.142
168.696
185.553
199.353
169.883
182.059
172.567
167.274
181.977
166.768
175.342
181.463
175.189
183.682
175.195
176.091
175.173
179.232
199.856
181.159
170.061
175.433
168.105
161.840
177.671
165.743
184.383
183.237
173.791
161.951
181.330
165.257
169.135
173.439
165.535
178.781
171.984
173.601
164.232
176.794
166.455
176.022
164.860
169.550
166.847
171.462
165.935
165.373
173.738
170.856
168.501
171.866
184.447
179.175
190.584
168.769
189.474
180.663
165.971
180.865
172.684
177.744
167.118
174.631
173.441
167.284
172.435
169.712
174.653
178.658
166.885
180.725
179.669
174.265
169.641
186.373
205.384
169.704
168.870
167.894
167.999
185.154
171.649
181.301
178.574
178.733
173.551
170.618
172.462
175.101
184.093
179.534
166.352
170.000
198.092
182.249
171.665
164.529
162.224
162.760
173.828
153.648
160.975
152.306
161.639
153.989
154.022
166.535
153.699
166.865
162.947
169.074
163.618
161.169
164.034
173.896
157.456
164.906
154.538
170.251
163.745
166.594
163.502
163.359
159.075
160.803
165.651
170.588
163.342
172.633
170.521
166.670
177.753
170.842
164.177
173.667
184.087
160.764
169.817
159.700
166.090
160.124
160.820
169.088
160.914
158.364
154.746
172.875
167.124
179.888
184.010
183.130
172.308
178.807
162.032
170.821
169.122
170.095
166.239
166.188
157.089
162.149
171.158
173.772
171.530
164.881
163.256
175.283
171.677
178.586
163.644
167.336
166.221
162.021
162.661
163.787
166.149
158.749
168.838
177.562
191.419
171.672
173.162
169.925
170.324
167.626
160.800
173.084
167.972
172.723
166.757
181.074
187.372
167.974
157.210
159.938
171.273
168.991
168.101
156.579
168.958
158.690
159.275
166.437
160.776
156.287
161.291
176.085
176.204
159.837
162.527
168.366
170.630
154.573
166.079
174.974
176.418
168.778
176.601
173.550
157.245
164.493
156.151
171.057
170.768
167.933
155.587
169.199
162.576
159.715
166.586
180.130
172.090
176.197
185.223
171.615
174.841
168.390
161.674
160.893
179.497
175.833
156.093
154.612
155.703
167.028
161.345
159.160
163.170
175.653
176.038
177.079
164.014
159.460
159.514
161.707
162.359
160.902
186.885
172.914
184.354
170.090
166.184
204.586
162.735
166.463
159.879
186.033
164.069
164.188
160.548
166.093
168.123
154.446
167.497
164.807
162.237
164.195
160.343
151.869
160.004
174.498
173.544
152.121
160.667
158.856
154.886
154.172
161.540
162.688
154.588
158.008
173.166
182.433
163.620
168.355
161.221
160.050
161.590
154.052
160.112
155.536
156.302
161.123
163.951
173.686
158.072
162.335
159.457
164.314
192.060
168.921
182.947
160.339
165.762
155.205
160.129
166.317
163.876
165.123
163.352
168.121
169.020
172.267
176.983
152.716
169.945
694.627
672.528
673.551
538.776
