912.493
606.298
654.982
680.178
577.813
667.898
689.728
580.217
648.838
613.763
764.275
621.481
691.916
689.282
581.787
615.532
716.946
629.386
573.168
584.102
539.631
625.036
648.103
653.612
536.730
558.551
610.953
627.000
517.132
618.512
650.024
656.409
639.385
672.328
710.298
717.132
674.839
714.960
715.699
654.888
635.887
675.679
683.790
717.004
709.770
694.849
733.973
733.603
683.202
804.714
716.303
686.057
801.293
710.974
774.051
694.960
709.688
592.605
691.475
712.561
739.748
724.129
718.280
674.540
700.444
798.434
737.114
793.707
816.103
863.696
854.198
851.701
754.652
766.658
663.866
740.456
740.122
733.614
721.463
779.209
792.800
801.507
768.771
765.400
838.001
809.140
762.186
780.942
855.953
783.131
726.517
760.246
771.159
804.142
862.299
829.363
940.919
854.855
840.938
900.832
732.821
780.032
835.419
791.249
693.848
722.946
750.464
836.143
754.223
818.697
815.020
811.613
804.908
726.386
792.894
744.818
749.480
756.023
726.679
782.257
822.525
700.406
774.299
804.410
783.817
706.567
791.577
800.971
711.034
694.627
684.021
748.925
693.395
759.910
876.098
675.944
654.557
741.323
808.523
739.473
749.455
766.515
678.867
709.246
684.012
718.107
725.706
791.212
791.048
717.615
731.665
692.057
684.913
795.771
752.772
723.843
814.752
734.915
775.074
742.882
782.380
758.998
815.152
821.039
783.461
802.062
808.992
730.981
699.331
747.862
640.479
764.582
811.863
670.725
695.914
657.357
678.443
611.561
689.234
660.141
768.291
686.886
776.991
691.398
712.733
764.416
848.879
729.552
726.665
859.260
796.485
823.499
810.472
881.792
908.111
880.744
834.277
849.352
763.995
732.752
737.410
814.522
820.901
791.101
807.869
852.067
874.443
878.220
833.172
791.501
793.602
930.003
958.987
894.129
962.718
822.844
904.677
922.887
864.991
909.710
963.265
838.580
771.516
768.264
741.388
811.291
826.859
802.058
831.862
800.828
932.190
810.632
743.704
910.253
861.901
828.902
777.843
800.242
741.661
870.044
857.726
774.226
786.493
830.736
813.900
828.185
956.797
912.052
887.215
865.237
732.842
732.590
753.070
936.947
782.254
752.083
717.952
719.934
686.068
715.899
634.300
686.097
697.652
648.895
692.776
773.825
709.437
796.960
709.623
690.298
583.068
700.696
691.839
711.486
680.835
677.894
720.803
707.406
608.287
770.044
836.064
667.286
728.026
751.705
670.536
666.944
620.682
670.686
691.167
676.194
820.140
720.889
616.261
583.462
565.755
643.908
608.125
666.398
573.349
557.583
657.212
535.215
587.515
667.683
714.027
654.834
642.208
635.304
598.647
570.529
570.518
558.492
517.717
549.919
563.636
507.548
534.695
463.708
544.256
562.426
529.827
571.951
529.457
579.013
867.062
756.759
875.126
796.941
783.868
883.968
776.606
896.608
732.866
813.601
742.160
843.990
697.504
739.611
735.505
769.068
805.294
757.656
841.181
707.013
718.316
675.221
832.489
729.587
746.247
750.284
800.879
734.938
729.976
710.920
754.421
789.234
718.562
788.849
774.917
619.847
814.846
802.897
725.795
859.531
666.728
724.232
695.884
746.663
779.065
762.852
699.007
814.849
787.427
716.226
757.499
728.186
696.528
803.753
803.186
722.477
714.487
770.489
740.588
677.473
810.448
796.137
752.736
843.337
772.300
791.093
773.292
883.335
767.360
866.240
829.861
834.977
950.679
783.209
811.889
771.932
719.650
841.872
770.896
703.328
829.152
857.119
817.207
900.778
839.212
913.393
850.465
894.633
748.509
797.448
776.206
807.564
845.300
847.286
863.095
804.713
779.781
791.930
747.971
741.492
805.887
898.369
797.947
793.679
815.747
851.665
870.406
764.748
828.055
852.540
858.975
811.543
861.179
838.625
769.562
880.027
931.810
870.425
824.998
836.116
846.476
815.225
799.598
800.942
824.078
721.608
676.727
773.244
746.466
791.771
703.768
725.953
679.222
727.669
683.472
721.115
659.340
682.464
771.739
727.422
756.029
746.450
710.376
699.723
693.989
730.731
698.574
835.547
726.053
739.096
682.244
728.241
779.287
777.153
756.222
704.292
723.824
783.251
723.794
803.566
840.840
792.287
660.259
691.208
820.700
712.283
746.932
839.838
830.113
797.973
852.306
777.706
719.023
685.160
681.857
666.097
678.272
628.062
699.634
639.555
714.042
718.431
636.373
795.324
676.032
682.779
692.671
672.639
687.633
769.780
702.217
817.642
753.077
828.526
789.207
790.088
860.920
842.643
777.537
724.556
819.239
774.680
790.144
816.010
861.854
890.781
835.385
708.404
726.740
703.150
796.678
752.328
716.287
715.324
788.277
721.957
833.346
806.398
730.526
900.601
784.320
789.824
799.289
683.146
655.326
776.578
755.081
773.653
803.142
743.213
878.656
773.551
707.622
820.705
731.817
794.708
798.471
773.736
742.537
889.861
786.612
695.972
783.268
849.219
711.346
806.320
812.506
774.706
751.874
819.260
776.836
817.700
792.830
850.049
909.420
714.746
912.846
825.121
873.864
892.164
913.995
837.091
897.378
879.125
899.490
779.341
847.305
867.879
802.675
761.639
772.610
748.589
817.195
765.333
884.584
906.680
801.596
848.397
744.184
792.864
787.227
815.847
810.543
877.386
805.617
942.439
878.720
899.637
841.741
873.721
827.996
847.870
825.394
799.210
844.444
755.337
835.483
820.379
888.604
885.932
810.807
808.410
843.010
873.935
826.547
816.377
826.447
746.770
758.323
791.426
695.431
706.142
683.289
684.508
926.430
847.858
695.149
773.166
701.983
736.691
784.802
721.482
730.102
757.226
779.496
793.793
794.458
724.945
711.357
767.738
756.394
730.629
704.809
742.302
745.900
703.655
680.017
768.252
730.557
677.930
718.911
776.404
689.926
784.477
686.393
703.605
693.627
701.553
583.313
682.674
721.159
682.808
731.409
738.652
679.993
754.501
853.474
737.278
696.780
773.614
751.709
727.410
767.803
762.058
830.031
766.249
703.441
654.138
666.521
631.282
749.798
615.679
495.583
567.213
547.648
615.503
590.139
538.276
595.577
604.194
597.776
593.707
606.635
546.887
594.381
564.070
627.987
660.273
706.087
614.912
643.816
557.986
486.944
604.315
648.806
600.584
596.355
641.321
565.985
579.691
421.338
635.998
525.651
663.874
750.243
593.755
714.052
720.331
775.941
703.494
676.073
697.423
614.447
677.797
620.006
667.331
668.142
640.707
656.273
639.447
605.127
681.652
730.429
661.001
698.683
729.136
727.531
658.010
719.171
770.316
768.578
773.052
699.487
748.849
657.957
671.121
749.506
763.004
760.954
654.427
699.054
736.917
808.553
730.507
762.038
762.114
808.111
834.414
848.306
758.863
850.733
805.676
748.448
900.293
857.117
878.166
824.562
878.660
724.254
786.811
792.735
803.111
720.204
692.964
825.055
932.485
909.251
924.218
889.341
977.630
902.996
896.532
869.156
836.973
913.664
798.222
900.532
852.140
915.426
812.671
898.712
995.404
915.294
883.526
863.064
845.486
798.989
749.907
684.141
779.825
773.371
927.002
755.904
653.463
699.065
770.020
771.098
717.268
814.014
687.819
679.011
760.623
709.392
671.934
683.478
781.130
841.834
828.163
801.250
722.767
739.960
702.902
658.818
702.954
846.376
741.980
768.205
802.390
659.120
644.209
687.763
697.335
636.682
714.659
621.188
718.393
713.505
743.357
567.552
685.499
769.083
705.698
643.841
641.532
717.130
688.020
613.911
630.270
640.170
694.995
688.698
639.123
664.494
684.652
668.835
702.652
649.846
719.285
655.404
680.547
699.140
636.603
634.230
652.453
696.222
661.892
665.429
650.646
625.522
607.186
751.085
732.113
733.165
677.144
620.667
621.614
568.023
587.811
607.688
640.435
620.156
694.620
675.662
649.026
603.657
633.038
674.063
568.038
637.386
632.834
634.141
619.458
658.853
625.366
715.891
761.878
699.069
593.653
704.141
744.656
602.884
625.796
658.269
634.902
659.816
672.016
605.636
649.328
542.432
580.715
683.389
634.043
586.984
691.473
613.335
744.505
654.820
613.298
634.578
636.810
619.581
656.152
658.987
617.663
615.054
567.162
567.269
620.321
495.026
620.516
627.548
530.660
733.359
619.968
698.941
580.572
625.448
522.820
575.666
634.765
567.867
676.931
529.010
576.066
623.767
589.144
596.390
682.845
671.648
630.355
607.331
582.784
586.839
516.881
589.021
727.704
627.558
647.552
740.897
639.380
631.033
597.347
675.999
634.412
637.168
674.087
731.009
610.467
636.312
524.220
626.957
523.380
640.321
596.351
653.899
693.149
656.606
653.972
633.386
788.685
762.959
706.315
645.557
618.087
668.893
615.225
665.289
750.047
589.506
575.782
681.924
543.551
576.125
628.386
742.637
596.385
618.295
633.836
586.363
654.545
711.691
707.667
749.524
868.617
732.771
652.769
611.600
699.042
657.854
694.154
678.876
677.293
619.550
682.698
686.746
599.780
673.016
717.740
675.878
589.575
626.513
766.921
700.610
610.220
753.056
650.332
650.291
675.662
634.635
679.570
711.832
726.697
765.766
650.184
668.849
657.029
728.437
635.822
678.467
749.500
642.591
728.446
722.649
618.724
775.360
704.609
642.151
677.423
773.689
712.065
679.252
711.920
707.283
764.390
672.570
690.088
675.912
709.147
624.644
586.292
736.962
585.105
753.537
750.736
748.025
790.474
707.698
769.815
719.285
778.451
703.481
754.721
696.789
645.775
671.784
800.783
733.506
795.220
807.258
1017.699
779.379
727.469
771.198
640.807
761.270
740.055
794.076
817.731
785.667
785.880
943.179
823.920
917.948
727.634
842.594
802.555
855.088
787.553
834.230
807.335
798.123
831.812
750.474
809.502
714.000
867.833
982.542
861.118
1029.974
925.543
908.517
810.755
842.573
884.730
931.297
781.157
802.697
776.850
821.730
846.080
783.079
772.516
858.948
766.351
921.222
796.341
860.169
871.129
901.367
905.743
946.901
983.094
850.893
893.499
814.200
837.004
864.074
823.645
857.831
1034.880
931.638
880.292
836.024
931.240
946.206
904.232
760.491
908.502
855.696
907.393
841.043
870.594
840.191
891.222
889.693
885.259
855.974
896.232
961.538
1028.156
897.004
848.805
830.617
843.614
794.195
831.316
819.992
944.871
917.565
879.077
856.282
910.078
934.827
967.702
825.498
877.395
786.842
878.447
858.170
803.543
825.321
812.580
802.509
889.512
863.554
844.516
712.056
924.952
890.327
780.861
788.892
747.674
805.600
821.080
772.495
782.887
793.192
764.852
789.754
838.620
852.931
727.890
812.900
827.032
816.071
792.943
844.553
752.271
832.835
889.126
763.768
773.552
859.268
862.408
733.675
730.536
730.449
726.728
711.726
596.205
791.015
663.249
670.257
798.779
645.653
724.012
768.195
781.670
818.244
765.874
798.599
782.979
825.975
761.462
769.987
791.127
732.043
669.586
698.643
753.682
726.758
717.270
751.721
706.294
724.586
801.502
778.304
750.063
836.965
793.427
841.180
809.908
792.272
770.254
756.809
854.547
774.566
692.165
731.499
792.396
738.656
780.208
803.641
813.616
729.043
776.687
758.555
810.634
767.426
864.064
760.698
785.121
820.900
847.748
849.313
666.989
698.511
789.113
856.370
834.869
888.823
822.939
924.378
919.359
869.927
870.812
850.209
1099.212
1031.247
1091.941
952.349
852.430
908.067
933.278
951.969
932.728
976.573
921.932
1054.519
1007.940
1006.102
1118.961
832.341
807.734
846.744
797.162
744.146
747.914
905.363
775.308
732.449
808.588
815.506
820.270
778.497
674.334
801.370
734.129
742.702
709.237
733.775
705.014
824.867
904.586
921.977
821.912
868.225
738.169
833.717
888.837
853.805
747.167
784.680
728.001
718.752
709.747
868.228
739.748
762.877
770.751
785.634
831.470
818.258
885.262
718.953
690.692
815.269
711.724
756.594
747.287
839.220
738.703
727.853
810.028
725.949
770.158
761.483
807.388
738.866
785.547
839.158
800.353
776.964
799.448
826.413
861.809
824.663
810.043
830.953
780.147
714.640
747.252
732.255
746.498
700.699
816.244
682.120
721.518
769.023
737.437
698.431
741.197
816.082
711.401
761.312
698.603
727.023
783.523
729.861
708.987
709.513
668.288
782.774
342.127
830.918
660.039
745.171
808.194
821.426
804.139
743.565
772.954
733.683
786.790
752.687
696.783
648.754
730.744
677.786
740.574
620.042
736.249
562.803
655.433
638.939
668.829
542.229
670.965
620.939
601.449
607.651
583.796
664.303
610.585
637.682
684.896
629.979
631.794
614.392
654.536
597.825
685.251
575.566
622.259
558.042
694.240
634.767
625.822
613.983
711.073
672.814
539.937
580.710
583.351
481.744
601.245
668.386
596.455
578.298
607.501
574.119
634.191
714.995
702.971
743.096
672.245
656.548
743.186
764.747
616.974
649.203
641.748
676.239
619.353
610.468
563.444
582.913
540.618
613.530
677.826
715.081
649.012
708.257
663.481
625.916
581.487
717.355
686.989
622.387
705.624
682.579
639.489
656.333
612.072
674.576
653.152
599.754
644.205
617.534
628.255
793.655
691.039
711.328
605.640
567.496
613.277
621.775
691.301
666.886
763.984
764.403
798.299
752.075
748.155
670.206
685.892
658.303
640.591
689.532
780.354
641.553
604.732
715.664
662.467
813.032
600.817
716.405
572.066
797.450
648.495
612.800
563.965
601.784
538.804
618.848
587.313
630.655
674.242
624.518
682.375
571.997
686.760
590.070
595.882
569.283
639.385
534.759
735.874
768.807
848.291
745.070
774.388
900.974
763.100
670.122
729.864
701.139
810.293
747.699
712.786
758.219
703.226
652.015
755.098
702.651
731.100
770.330
830.818
863.001
775.433
780.683
722.509
635.152
777.620
724.507
723.136
667.166
706.550
717.810
698.329
752.422
693.890
807.857
712.232
703.615
695.438
774.170
757.987
641.170
706.548
709.990
752.536
745.295
752.728
732.516
731.483
840.415
715.815
750.365
758.464
755.644
874.543
709.971
765.217
844.258
784.688
907.441
990.503
974.450
886.811
856.731
803.577
787.244
940.934
816.199
873.103
861.277
844.765
869.653
835.485
794.063
869.854
840.779
826.335
829.057
927.952
888.688
872.310
863.423
874.712
774.037
798.372
906.785
741.711
945.636
882.221
774.034
791.963
800.133
769.016
825.131
764.490
709.078
857.111
890.990
784.348
817.453
705.853
795.605
770.048
803.483
863.343
745.654
707.246
769.959
815.977
672.230
706.781
709.941
598.188
1044.837
1045.004
1059.759
788.564
