32.969
21.797
22.669
22.841
22.444
22.614
22.357
28.010
24.469
22.490
23.541
22.779
25.499
23.627
26.141
25.068
22.749
23.758
24.529
24.748
23.844
25.126
24.555
25.092
23.713
30.210
32.187
29.494
24.788
24.997
25.735
24.591
24.849
24.291
26.142
30.627
25.484
25.822
24.220
25.928
25.430
30.912
29.618
25.150
25.513
25.121
26.122
27.021
26.329
25.859
26.180
25.165
28.728
26.247
27.868
27.858
26.960
25.612
30.684
25.790
27.200
27.670
31.998
24.957
24.628
27.460
25.338
24.927
27.580
28.068
27.486
28.918
26.968
25.250
28.012
25.279
25.867
24.086
23.878
28.069
26.418
26.248
26.565
24.723
24.729
29.065
54.033
26.159
28.610
29.571
23.985
26.564
28.052
36.952
33.037
27.172
41.745
28.512
26.518
28.861
30.193
26.425
32.092
29.824
31.899
29.215
26.936
26.690
28.076
25.478
25.584
24.874
27.057
26.595
26.930
26.768
27.122
27.781
27.606
27.751
26.144
24.372
26.024
24.849
25.539
24.753
24.268
24.095
23.914
24.082
23.619
23.513
26.435
23.696
24.606
23.140
24.774
24.207
24.256
23.938
21.352
26.106
22.718
21.433
23.067
20.265
21.038
20.959
25.715
25.003
21.783
22.896
25.419
22.552
23.887
25.977
21.658
21.705
24.132
23.649
22.236
22.490
23.580
23.912
24.426
26.668
25.828
23.809
24.438
23.959
23.054
22.215
22.077
22.689
22.157
21.298
24.911
26.066
29.677
25.201
28.162
35.251
26.444
24.481
26.983
24.761
23.280
22.029
22.253
22.204
22.354
24.606
22.812
22.475
22.487
21.220
22.634
20.787
23.753
21.072
21.527
20.019
21.348
21.965
23.057
23.303
23.164
22.083
25.669
22.536
24.269
26.828
25.934
28.140
23.468
25.741
22.339
24.044
24.638
24.690
27.392
28.584
25.025
25.276
24.655
23.462
32.171
24.818
26.112
28.020
30.458
27.283
29.517
32.424
30.833
25.276
24.046
28.416
25.970
27.339
24.830
22.910
23.319
25.956
27.098
26.431
27.618
30.077
26.289
26.448
31.799
25.911
26.579
33.347
28.373
31.746
30.366
29.646
33.125
34.827
32.629
38.175
33.613
33.973
41.856
39.347
42.758
46.604
43.965
45.682
42.580
56.683
65.673
58.575
47.075
49.204
60.853
73.692
63.445
78.667
81.884
68.069
58.112
55.796
74.699
67.038
56.710
50.061
51.330
62.194
58.528
60.110
63.066
69.793
57.686
52.516
51.886
56.523
59.159
48.387
52.275
43.251
42.238
46.008
54.008
54.783
49.583
50.458
42.555
38.335
40.223
46.256
47.109
58.403
40.918
35.240
35.364
37.115
35.813
35.335
36.895
34.775
34.668
38.386
33.440
30.054
30.592
32.334
33.808
30.327
36.550
37.908
32.144
28.242
28.595
30.673
31.696
32.057
35.147
36.741
33.652
30.872
36.226
30.150
29.572
30.645
31.206
29.999
29.767
32.183
30.698
29.505
30.500
27.658
30.185
28.826
31.147
29.952
29.719
32.373
28.538
29.780
29.911
30.352
35.912
29.918
35.201
29.562
31.090
36.658
31.239
35.317
35.668
53.040
31.898
29.959
29.288
30.966
30.793
32.274
34.562
31.729
34.075
31.184
28.859
29.633
30.028
29.725
28.313
28.291
33.588
32.656
30.370
30.354
32.999
30.066
29.516
27.853
29.145
33.629
28.086
28.759
28.868
34.717
28.025
28.448
29.212
30.876
31.497
35.237
37.573
38.507
30.276
30.330
32.204
32.178
32.414
29.777
29.178
30.030
29.656
31.203
28.807
28.139
28.562
28.507
29.006
29.462
29.880
30.092
32.300
29.778
30.827
28.044
28.882
28.552
29.064
33.830
28.630
28.178
28.259
29.922
29.377
30.108
31.527
31.410
29.888
31.248
30.327
34.217
33.375
32.405
29.249
33.289
31.858
28.380
30.614
32.483
31.039
31.149
30.196
41.399
33.710
34.856
33.498
32.561
33.109
38.634
31.847
32.487
32.621
33.508
31.600
30.594
30.622
29.410
31.955
31.185
32.180
33.731
40.056
30.266
31.942
34.807
31.857
32.784
32.777
33.152
34.455
39.831
34.676
36.588
29.978
37.817
36.435
44.784
34.506
33.485
36.541
46.155
34.962
33.329
35.458
36.695
39.274
32.524
36.425
36.069
39.721
34.314
34.747
35.169
33.079
37.204
37.038
36.552
34.548
34.482
39.784
38.178
42.481
35.031
55.264
64.483
58.469
55.895
50.231
40.335
52.649
46.085
42.390
46.947
51.405
51.372
43.842
45.883
48.179
49.286
46.858
43.082
44.786
45.923
40.539
47.504
50.876
44.416
47.554
43.878
47.193
39.356
38.221
42.240
42.621
46.425
41.525
46.050
38.746
48.202
44.051
45.267
41.276
43.980
42.701
40.674
41.612
50.270
49.605
37.139
34.258
52.348
50.931
43.303
46.472
47.662
53.205
34.636
40.817
35.289
40.740
42.270
33.004
46.587
53.437
47.856
66.519
39.254
31.340
36.398
59.406
48.575
57.897
37.688
44.326
81.835
51.694
40.954
40.300
47.871
45.126
46.316
34.546
56.679
59.530
41.432
46.214
43.643
38.497
48.079
53.544
52.938
52.946
47.059
40.270
48.205
41.576
65.112
40.537
44.550
36.451
43.887
50.576
41.195
47.811
43.818
39.257
35.106
33.705
33.526
35.181
32.907
33.219
38.452
40.215
29.533
37.315
36.412
37.597
32.905
33.135
35.557
42.830
35.696
47.340
53.716
47.565
37.040
36.956
41.682
41.016
36.548
38.531
52.778
57.343
72.746
64.145
62.653
74.403
42.444
92.923
52.002
55.407
42.559
68.130
67.841
52.915
52.071
53.653
42.771
39.859
52.404
56.639
57.033
56.659
43.822
44.402
44.924
49.129
46.444
58.108
68.343
61.208
68.443
87.509
97.606
70.099
66.111
94.380
76.308
58.103
58.530
83.627
50.350
47.878
59.950
53.774
89.864
60.755
97.474
114.035
50.264
56.297
64.915
72.817
60.560
71.925
69.459
68.850
81.803
76.951
66.722
75.476
72.367
59.384
59.987
87.696
22.828
23.312
23.482
24.253
25.395
24.151
24.124
23.978
24.807
23.554
23.289
24.879
24.215
23.881
23.679
23.649
24.752
24.579
24.108
23.623
24.523
25.839
24.993
25.162
24.992
24.526
24.970
24.717
24.897
24.472
24.154
24.599
25.513
26.891
27.045
25.646
25.970
23.641
26.881
25.465
25.470
27.734
27.863
28.580
29.562
29.421
34.094
34.492
30.010
33.087
36.409
27.597
30.026
41.304
32.032
32.531
31.945
32.825
36.130
31.783
32.822
33.615
38.713
40.170
37.875
42.667
36.587
42.460
36.415
31.560
34.491
36.465
36.260
34.104
34.890
34.518
34.966
34.580
34.236
34.076
32.618
29.579
31.692
29.660
29.605
28.655
27.670
27.398
28.567
27.530
30.857
26.014
27.891
25.145
25.126
32.020
26.804
26.685
26.357
25.666
29.030
24.520
25.835
24.726
24.333
24.286
23.366
27.400
26.905
27.014
24.699
23.980
23.970
26.362
26.620
24.978
25.129
24.837
24.964
24.488
28.304
28.812
26.405
26.463
28.444
24.311
26.431
26.486
28.776
30.057
31.364
27.311
27.939
31.773
27.509
29.030
36.686
30.006
32.066
35.917
30.464
35.069
33.141
37.094
34.622
37.305
30.919
31.277
30.725
32.169
32.075
31.768
32.119
32.018
33.754
38.108
35.912
32.250
31.907
34.233
34.702
30.677
34.049
37.198
31.657
32.119
33.567
32.179
31.506
33.730
34.277
34.593
32.191
35.008
31.630
37.412
31.280
38.193
37.113
30.306
33.531
30.902
33.051
34.353
32.256
29.621
30.554
30.533
29.510
28.894
31.649
35.279
36.386
33.464
32.524
36.768
38.736
32.841
33.183
30.522
35.294
30.195
33.987
30.511
27.616
31.052
29.137
26.805
30.745
27.951
28.881
28.103
28.454
26.286
28.605
29.341
28.803
28.601
29.502
29.272
30.045
32.162
39.165
37.558
33.466
34.674
32.677
37.648
39.386
35.510
38.893
35.868
35.743
33.074
38.238
30.129
35.736
32.955
34.518
31.602
31.354
35.632
31.153
29.654
31.902
27.257
27.369
31.119
34.328
28.607
32.675
31.095
32.290
29.986
28.697
29.976
33.766
31.458
29.531
30.956
32.734
32.093
33.934
34.213
32.432
33.149
32.338
34.554
32.622
32.480
31.647
33.323
32.733
34.145
33.988
35.306
33.126
31.405
27.502
33.271
33.197
31.644
29.878
33.664
29.633
33.040
37.024
44.770
33.510
30.522
44.788
32.228
31.886
31.698
31.312
38.375
33.589
30.682
36.567
37.321
35.167
34.369
35.999
35.387
30.885
30.347
36.489
32.902
33.194
27.165
39.447
38.815
32.640
31.507
32.140
42.987
33.426
33.247
31.708
36.015
34.420
28.554
32.109
37.188
34.317
41.775
34.665
39.716
38.815
34.304
36.249
33.587
32.436
33.231
34.486
35.086
34.304
31.929
32.083
32.745
33.993
33.968
33.952
30.316
30.747
31.924
31.815
30.089
30.155
32.007
31.490
30.149
31.060
34.023
28.558
30.236
31.011
32.012
46.637
31.136
32.210
29.861
30.004
28.511
29.520
29.048
29.500
29.641
29.881
30.044
29.690
28.802
36.412
37.240
30.924
31.181
37.843
32.730
32.103
30.683
27.787
29.616
28.655
32.855
28.411
29.198
29.697
29.292
29.306
32.269
28.209
27.871
30.899
28.859
27.618
23.222
24.052
25.298
23.673
22.884
24.023
23.566
25.224
22.801
23.055
24.161
22.120
22.722
23.352
22.766
22.885
23.085
24.233
22.685
24.254
23.560
24.180
23.057
23.248
23.633
24.206
23.167
24.050
24.218
24.611
24.358
24.034
24.215
24.769
25.389
23.511
23.355
23.338
22.948
24.259
24.055
23.801
23.467
24.590
24.511
24.563
29.942
23.892
26.135
24.203
23.784
26.003
24.522
29.487
25.371
26.275
24.512
25.671
24.962
25.834
24.221
24.779
25.804
28.456
23.218
24.759
24.257
23.543
23.621
24.366
23.879
23.413
25.228
24.595
22.969
23.212
24.802
24.040
24.594
22.801
25.522
23.743
22.792
22.883
22.591
22.907
23.402
23.550
23.919
23.113
22.810
22.918
23.104
22.989
22.719
24.348
22.474
22.740
22.083
22.564
23.286
22.568
21.912
22.021
21.833
22.389
22.912
22.163
24.076
29.669
24.852
23.092
23.805
23.462
23.932
23.425
23.498
23.565
23.809
22.782
23.372
19.870
21.646
24.279
24.573
23.497
24.023
24.736
24.159
29.092
23.789
23.802
26.249
27.716
27.458
26.260
26.493
29.852
24.840
25.503
25.914
27.936
24.981
24.382
24.765
25.882
26.367
22.621
24.789
24.709
22.666
23.793
22.997
23.446
22.839
24.465
26.257
26.663
22.138
21.947
21.551
22.329
21.595
20.961
21.600
21.512
21.235
23.911
22.026
21.220
21.764
21.798
22.198
21.698
22.452
21.417
22.524
22.531
22.108
21.422
21.174
22.196
24.418
22.642
21.953
22.457
24.559
21.848
34.461
23.159
23.464
23.987
26.350
28.201
31.226
26.376
26.099
27.593
29.776
35.826
30.611
26.376
25.624
25.765
27.187
31.737
25.732
27.069
27.340
27.003
29.428
30.495
26.958
32.961
27.126
25.119
25.685
24.662
27.661
23.746
33.472
24.181
25.636
24.818
23.084
32.609
23.671
26.562
28.064
24.715
23.926
28.622
24.535
24.463
24.482
28.343
25.259
27.506
25.023
29.976
27.189
23.862
24.103
24.975
28.186
31.537
23.980
25.896
24.999
24.298
24.193
23.663
24.651
25.187
24.699
23.979
25.048
23.806
24.016
24.811
24.265
25.937
25.139
24.260
26.379
25.795
24.679
24.907
26.081
26.230
29.165
26.429
24.984
26.371
26.063
25.623
26.244
31.836
26.403
26.738
27.498
27.850
29.876
24.063
24.130
29.403
31.374
28.030
26.236
25.608
27.626
24.297
26.114
26.951
30.133
28.256
26.275
28.280
30.422
28.109
28.464
32.950
29.731
25.771
25.673
25.654
23.757
31.649
33.239
23.672
25.393
28.287
29.600
28.156
26.224
25.387
25.325
27.293
25.584
25.969
35.818
25.097
25.955
24.639
22.607
34.145
26.605
22.306
22.815
24.158
21.735
24.416
34.518
23.905
23.964
26.972
23.213
23.552
24.728
24.025
24.455
23.274
23.788
25.148
22.974
22.579
24.807
25.779
23.482
24.110
25.986
22.410
22.931
25.222
24.621
23.736
23.608
25.898
22.373
24.436
24.795
27.150
29.768
22.695
23.643
24.100
22.893
23.012
23.918
25.061
22.675
23.186
25.245
23.990
27.470
35.487
27.066
38.029
24.227
24.818
24.999
23.960
22.811
23.251
25.866
26.399
23.950
23.416
24.119
22.342
21.919
23.668
22.043
26.523
42.814
24.697
22.915
22.302
23.318
28.957
24.725
23.962
25.413
24.278
23.368
30.391
23.676
28.289
25.120
25.453
23.046
23.686
24.285
24.968
25.924
27.380
24.177
23.743
29.452
25.140
23.288
23.563
23.473
23.839
22.981
22.520
22.941
37.126
22.863
27.222
22.767
25.195
23.988
23.172
24.045
27.438
24.248
22.849
27.135
28.806
36.949
25.028
23.863
23.138
25.623
26.650
25.335
25.606
22.912
23.341
25.984
23.620
24.696
25.964
26.769
26.114
24.598
24.859
26.449
26.637
27.348
31.620
25.280
27.800
24.651
24.885
25.764
27.188
24.416
24.240
25.824
27.272
26.284
24.890
24.642
28.545
26.800
32.537
24.441
24.661
26.351
24.781
25.840
27.609
29.567
26.322
28.300
29.214
29.024
31.149
31.676
26.416
27.911
26.777
27.549
29.194
28.876
25.355
26.883
29.310
31.921
27.211
33.449
27.664
30.409
28.171
25.894
28.492
26.092
27.669
28.151
36.231
25.453
26.083
28.548
26.442
28.863
27.191
25.157
45.255
26.701
35.384
25.930
26.258
24.844
31.214
25.467
23.977
30.727
27.098
25.317
24.210
23.808
23.196
26.092
25.286
27.589
25.754
24.694
24.302
24.204
21.531
21.358
21.775
25.583
29.858
23.135
22.808
24.702
22.123
23.823
21.954
22.427
39.764
43.244
48.484
37.940
34.676
