1.541
2.091
2.083
1.945
2.302
2.264
1.918
2.059
2.154
2.129
2.129
2.119
2.043
1.995
2.181
2.087
1.993
2.088
2.335
3.050
2.068
2.229
2.069
2.208
2.038
2.062
2.140
2.055
2.159
2.117
2.088
2.066
2.006
2.203
2.200
1.980
2.102
2.043
1.952
1.970
2.117
2.098
2.050
2.049
1.933
2.056
2.190
1.929
1.964
2.079
2.001
1.905
2.173
2.199
2.126
2.234
2.172
2.069
2.126
2.239
2.013
2.140
2.113
2.052
1.893
2.110
2.086
2.006
2.018
1.967
2.170
1.876
1.979
1.626
2.131
2.193
2.061
2.016
2.118
1.572
2.014
2.105
2.055
1.968
1.889
1.894
2.445
1.615
2.052
2.146
2.094
2.012
2.067
1.864
1.789
2.140
2.093
1.837
2.082
2.051
2.155
1.940
2.130
2.131
2.079
1.464
1.987
2.054
2.122
2.043
1.965
2.039
2.160
2.130
2.191
2.208
2.031
2.032
2.189
2.017
2.135
2.068
1.998
2.434
2.080
1.969
2.057
2.072
2.107
2.043
2.203
2.187
2.649
2.090
2.350
2.106
2.704
2.094
2.199
2.087
2.149
3.097
2.086
1.565
1.599
2.079
2.229
2.112
2.170
2.085
2.102
2.319
2.081
2.089
2.068
2.161
2.097
2.071
2.138
2.002
2.125
2.245
1.953
2.245
2.507
2.230
2.200
2.073
2.140
2.107
2.314
2.037
2.236
2.064
2.052
2.281
2.167
3.176
2.144
2.182
1.717
1.931
2.027
2.177
1.651
1.715
2.072
2.059
2.107
1.640
1.676
3.030
2.163
1.832
2.099
2.111
2.156
2.104
2.072
2.059
2.138
1.955
2.122
2.088
1.979
2.108
1.957
2.160
1.997
2.033
1.847
2.076
2.073
2.505
1.967
2.016
1.982
3.340
2.054
2.116
2.218
2.423
1.964
2.140
2.015
2.153
2.081
2.109
2.137
1.674
2.982
2.045
2.261
2.929
2.214
1.646
1.889
2.445
2.228
2.591
2.078
2.090
1.948
2.201
2.061
2.189
1.727
2.239
2.212
2.223
1.818
2.346
2.076
2.050
2.003
2.220
2.202
2.203
2.022
1.949
2.178
2.097
2.316
2.015
2.438
2.070
2.118
2.060
1.968
1.704
2.114
1.602
1.688
1.749
2.320
2.294
1.900
2.057
1.965
2.174
2.176
2.025
2.337
1.986
2.249
2.467
2.018
2.181
2.383
2.444
3.855
2.336
2.105
2.042
2.169
2.285
2.249
2.093
2.918
1.702
1.997
2.117
2.280
2.099
1.702
2.150
2.312
1.617
1.957
1.854
2.226
1.526
1.666
1.799
2.183
1.805
2.156
2.151
2.439
2.543
2.535
2.164
2.333
2.199
2.853
2.717
1.611
1.899
2.145
2.161
2.324
2.398
2.208
2.099
2.336
2.032
2.130
2.120
2.434
2.106
1.870
2.103
1.930
2.129
2.036
2.089
2.074
2.183
1.949
2.056
2.159
2.203
2.090
2.107
2.245
2.271
2.129
2.247
2.198
2.240
2.325
2.139
2.160
1.935
2.184
1.948
2.104
1.889
2.075
2.082
2.333
2.110
2.028
2.323
2.209
1.968
2.049
2.100
1.972
2.018
2.066
1.909
2.027
2.078
2.054
2.244
2.050
1.969
2.210
2.027
2.212
2.349
2.134
2.135
2.095
2.040
2.202
2.136
2.022
2.203
2.157
2.285
2.263
2.138
2.180
2.195
2.065
2.208
2.112
2.256
2.107
2.122
2.207
1.953
2.145
2.299
1.866
2.233
2.362
2.057
2.104
2.194
2.196
2.102
1.978
2.137
2.162
2.188
1.990
2.329
2.265
2.300
2.012
1.952
2.071
1.782
2.072
2.088
2.185
1.981
1.962
1.949
2.195
2.016
2.268
1.942
2.207
2.022
2.144
2.270
2.014
2.258
2.234
2.001
2.066
2.101
2.215
2.346
2.125
2.097
1.995
1.995
2.107
2.062
2.104
2.179
2.406
2.320
2.228
2.431
2.132
2.235
2.168
2.282
2.147
2.129
3.115
2.225
2.177
2.185
2.187
2.002
2.029
2.120
2.215
2.243
2.131
2.330
1.934
2.087
2.205
2.315
2.355
2.168
2.207
1.987
2.246
2.060
2.161
2.326
2.161
2.306
2.057
2.093
2.137
2.383
2.026
1.925
2.098
2.021
2.014
1.972
2.060
2.163
2.200
2.586
2.005
2.033
2.186
1.972
1.959
2.098
2.098
2.253
2.128
2.227
2.625
2.081
2.199
2.377
1.884
2.201
2.011
2.256
2.076
2.350
2.475
2.364
2.401
2.032
2.168
2.111
2.302
2.078
2.244
2.211
2.110
2.143
2.337
2.299
2.153
2.177
2.173
1.945
1.940
2.263
2.344
2.100
2.215
2.076
1.924
1.933
2.089
1.905
2.093
1.934
2.080
2.243
2.013
2.219
2.043
2.194
2.035
2.218
2.212
1.982
2.009
2.226
1.996
2.023
2.103
2.221
2.115
2.023
2.056
2.141
2.436
2.187
2.302
2.335
1.932
2.138
2.192
2.047
2.042
2.026
2.200
2.274
1.995
2.037
2.294
2.000
2.043
2.047
2.145
2.116
2.451
2.151
2.380
2.001
1.866
2.123
2.225
2.314
2.048
2.091
2.201
2.136
2.032
2.141
2.016
2.416
2.311
2.108
1.926
2.258
3.090
2.056
2.162
2.156
1.689
2.293
2.020
2.038
2.337
2.167
2.180
2.280
2.151
2.067
2.126
2.400
1.974
2.135
2.094
2.179
2.146
2.014
2.123
2.150
1.955
2.114
1.951
2.121
2.053
2.172
2.126
2.364
2.068
3.040
2.041
2.165
2.345
2.155
2.205
1.824
3.675
1.953
2.153
2.053
1.913
2.110
2.060
2.069
2.120
2.341
2.265
2.119
2.159
2.056
2.072
2.040
2.094
2.303
2.739
2.162
2.230
2.312
2.079
1.973
2.005
2.050
2.323
2.070
2.083
2.067
2.224
2.209
2.134
2.123
2.199
2.099
2.249
2.192
2.277
2.114
2.127
2.199
2.128
2.225
2.087
2.009
2.142
2.134
2.264
2.105
2.289
2.255
2.234
2.099
2.429
2.104
2.098
2.206
1.891
2.185
2.446
2.027
2.048
2.246
2.187
2.346
2.017
2.305
1.931
2.233
2.221
2.293
2.354
2.172
2.127
2.231
2.324
2.138
2.418
2.138
2.254
2.203
2.128
2.213
1.977
2.097
2.029
2.144
2.210
1.988
2.156
2.300
2.073
2.180
1.981
2.234
2.011
2.147
2.006
2.292
2.052
2.123
1.993
2.025
2.148
2.100
2.275
2.205
2.031
2.164
2.166
2.015
2.024
2.312
1.904
1.979
2.081
2.030
2.201
2.181
2.329
2.198
1.968
2.234
2.092
2.212
1.962
2.266
2.142
1.992
2.023
1.988
1.804
2.021
2.119
3.323
2.144
2.208
1.930
1.714
1.976
2.175
2.076
2.081
2.081
1.936
2.087
2.342
2.253
2.082
2.086
2.026
2.174
2.222
1.842
2.059
2.145
2.239
1.853
2.232
2.280
2.141
2.250
2.224
2.148
2.275
2.230
2.102
2.076
2.160
2.189
2.046
2.109
1.950
2.003
2.062
2.168
2.195
2.252
2.224
2.181
2.101
2.334
1.612
2.201
2.108
2.224
2.303
2.000
2.347
2.210
2.054
2.230
2.111
2.203
2.067
2.227
2.139
2.211
2.220
3.283
2.192
2.114
2.315
2.201
2.124
2.197
2.214
2.200
2.055
2.218
2.267
2.174
2.047
2.290
2.096
2.216
2.122
2.227
2.081
2.039
2.127
2.265
2.018
2.219
2.173
2.077
2.158
2.244
2.289
2.157
2.139
2.241
2.096
2.404
2.254
2.100
2.155
2.054
1.985
2.347
2.262
2.325
2.031
2.227
2.026
2.217
1.935
2.099
2.201
1.998
2.314
2.079
2.132
2.202
2.192
2.092
2.237
2.173
2.187
2.139
2.460
1.999
2.055
2.264
2.277
2.047
2.177
2.068
2.393
2.132
2.253
2.173
2.180
2.155
2.333
2.217
2.026
2.127
2.253
2.155
2.063
2.122
2.181
2.199
2.325
2.235
2.195
1.903
2.151
2.179
2.213
2.034
2.180
2.154
2.104
2.153
1.999
2.078
2.100
2.115
2.244
2.081
2.126
2.049
2.106
2.044
2.280
2.157
2.244
2.103
2.380
2.147
2.070
2.055
2.071
2.458
2.233
2.155
2.002
2.234
2.122
2.014
2.132
2.108
2.200
2.081
2.144
2.291
2.201
2.008
2.269
2.032
2.140
2.111
2.289
2.242
2.054
2.123
2.117
2.253
2.239
2.068
1.987
2.326
2.108
2.280
2.120
2.268
2.161
1.862
2.119
2.101
2.170
2.334
2.126
2.048
1.930
2.338
1.961
2.373
2.066
2.179
2.319
2.215
2.336
2.193
2.087
2.300
2.069
2.041
2.255
2.001
2.228
2.151
2.238
2.103
1.892
2.062
1.987
2.223
2.187
2.301
2.212
2.367
2.354
1.986
2.332
2.049
2.338
2.083
2.247
2.233
2.118
2.097
2.238
2.161
2.178
2.270
1.983
2.116
2.168
2.102
2.365
2.148
2.355
2.272
2.377
2.270
2.207
2.116
1.973
2.036
2.775
2.128
2.084
2.120
2.132
2.117
2.102
2.149
2.251
2.280
2.037
2.127
2.005
2.176
2.395
2.145
2.251
2.027
2.156
2.295
2.029
2.130
2.084
1.980
1.927
1.862
2.332
1.943
2.174
1.855
2.052
1.884
2.001
2.557
2.145
2.071
2.079
2.029
2.174
2.083
2.292
2.301
2.101
2.226
2.115
2.351
2.080
2.157
2.432
1.996
2.186
2.019
2.193
2.110
1.997
2.303
1.936
2.161
2.268
2.117
2.066
2.087
2.155
1.984
2.088
2.137
2.278
2.353
2.201
2.127
2.073
2.068
1.978
1.970
2.156
1.930
1.979
2.146
2.108
1.991
2.125
2.242
2.126
2.137
2.190
2.037
2.143
2.257
1.716
2.011
2.073
2.195
2.105
2.278
2.463
1.847
1.993
2.279
2.217
2.155
2.328
2.133
3.431
2.191
2.280
1.987
2.274
2.219
2.192
1.870
1.821
2.395
2.246
1.874
2.087
2.101
2.012
1.997
2.151
2.324
2.422
2.093
2.239
2.186
2.301
2.023
2.241
2.271
2.337
2.149
2.244
2.278
2.157
2.328
2.121
2.166
2.211
2.029
2.240
2.122
2.159
1.972
2.385
2.132
2.232
2.186
2.171
2.034
2.169
2.083
2.150
1.985
2.310
2.240
2.118
2.270
2.262
2.114
2.267
1.989
2.122
2.126
2.058
2.174
2.313
2.109
2.277
2.101
2.233
2.251
2.057
2.216
2.186
2.153
2.178
2.087
2.069
2.154
2.062
1.972
2.112
2.234
2.099
1.988
2.284
2.021
2.249
2.377
2.002
2.105
1.977
2.036
2.025
2.142
2.245
2.086
2.215
2.048
2.111
2.070
2.133
2.127
2.024
2.122
2.395
2.148
2.234
2.108
2.137
2.049
2.143
2.147
2.255
1.745
2.322
2.208
1.602
1.810
2.319
2.591
1.629
2.503
1.930
1.937
1.859
1.978
2.204
2.031
2.100
2.919
1.918
2.465
1.968
1.802
1.762
1.921
1.959
2.628
2.180
3.321
1.762
2.370
1.883
1.868
2.402
2.333
2.337
2.163
2.179
2.517
2.138
2.102
2.147
2.104
2.082
2.044
2.139
2.142
1.924
2.196
1.801
1.919
1.863
1.970
2.357
1.800
2.228
1.766
1.918
1.646
1.794
1.841
1.748
1.902
1.765
1.883
2.019
1.720
1.983
2.016
3.218
1.926
1.758
2.499
2.364
2.402
2.381
2.243
2.419
2.375
2.297
2.271
2.406
2.188
2.468
2.279
2.514
2.339
2.346
2.513
2.244
2.530
2.372
2.475
2.038
2.491
2.375
2.295
2.591
2.315
2.357
2.471
2.470
2.470
2.588
2.323
2.347
2.887
2.409
1.761
2.036
2.306
2.314
1.594
2.366
2.291
2.385
2.254
2.185
2.081
2.406
2.094
2.867
2.373
1.737
1.848
1.732
2.427
1.894
2.109
3.052
2.120
1.917
1.755
2.392
2.023
1.739
1.674
1.909
2.227
2.710
2.177
2.334
2.606
2.162
2.318
2.105
2.416
2.217
2.321
2.153
2.275
2.163
2.376
2.287
2.162
1.809
2.241
2.295
2.306
2.180
2.193
2.279
2.136
2.120
2.016
2.101
2.640
2.224
2.182
2.275
2.226
2.133
2.230
3.276
1.876
1.720
3.250
2.192
2.351
2.247
1.797
2.256
2.009
2.328
2.273
2.057
2.040
2.287
2.370
2.099
2.144
2.243
2.050
2.302
1.955
1.984
1.905
2.138
2.138
2.173
2.173
2.034
1.956
2.161
2.280
2.302
2.084
2.012
3.082
2.192
2.266
2.417
2.359
2.046
1.923
2.316
1.748
2.151
1.742
2.065
1.864
1.718
2.002
2.181
2.857
1.955
1.615
1.925
2.193
2.244
2.053
2.037
2.061
1.804
1.714
2.142
1.792
1.742
1.760
2.171
2.203
2.177
2.223
1.832
2.089
2.370
2.212
2.218
2.201
1.748
2.211
2.073
2.278
2.268
2.143
2.390
2.272
2.383
1.680
2.232
1.719
2.162
2.265
1.639
1.843
1.947
2.059
2.566
2.176
2.116
2.179
2.162
2.856
2.185
2.047
2.175
2.506
2.162
1.847
1.867
2.176
1.784
2.311
1.768
2.476
2.073
2.106
1.754
2.191
2.111
2.382
2.202
2.275
2.215
2.180
3.152
1.762
1.839
1.793
2.161
2.043
2.007
2.222
2.128
2.527
2.017
1.800
1.750
2.099
1.702
2.385
1.736
2.202
2.130
2.196
2.240
2.248
2.323
2.020
2.210
2.792
1.782
2.172
2.217
2.258
2.179
2.056
1.768
2.364
2.234
2.086
2.185
2.418
2.043
2.416
1.897
2.392
2.150
2.052
1.897
1.934
1.991
2.204
2.089
2.200
2.036
2.125
2.257
2.192
2.283
1.969
1.782
2.154
1.996
2.188
2.222
1.912
1.806
1.871
2.687
2.198
2.092
2.301
1.601
2.045
2.083
2.086
1.909
1.836
2.194
2.108
2.077
1.709
2.618
1.890
2.882
1.645
4.024
