36.929
34.220
30.875
31.500
26.766
33.751
35.021
30.910
32.385
27.947
45.872
33.758
38.393
33.183
36.021
33.024
45.371
51.215
45.427
48.783
53.344
51.321
46.143
44.398
36.894
40.174
32.923
46.073
39.617
36.231
38.816
35.428
36.307
36.243
34.959
45.932
39.743
34.500
43.328
39.589
41.716
41.207
46.216
35.975
38.603
34.172
63.664
35.563
37.884
47.652
65.035
37.900
46.826
34.659
39.098
44.239
41.906
36.020
41.786
30.979
40.106
41.178
42.494
33.130
33.750
45.790
39.185
42.458
48.448
47.794
52.941
63.253
65.151
39.998
40.892
40.154
52.348
39.586
49.764
61.959
50.311
61.877
35.936
43.104
47.013
49.070
78.971
54.365
45.813
43.074
36.168
45.461
51.961
47.625
49.798
39.797
53.311
39.705
39.589
44.477
44.147
49.079
49.862
44.236
43.535
45.511
52.514
53.172
53.286
43.370
38.827
42.516
57.287
50.179
40.970
40.018
37.400
45.670
42.480
44.057
47.512
47.090
45.498
54.796
52.708
47.858
46.811
47.393
49.688
47.648
48.828
52.916
47.980
38.669
57.815
38.159
85.462
51.179
37.889
43.712
41.580
57.971
38.620
31.361
33.420
37.698
39.300
33.912
45.857
37.388
39.396
38.150
40.096
42.606
38.082
34.991
35.426
29.001
42.351
35.571
43.840
42.785
49.711
57.241
40.794
50.427
49.193
50.072
50.449
49.121
37.428
42.539
36.202
41.526
37.661
39.331
45.547
50.734
42.603
37.811
37.291
27.750
32.402
29.685
31.083
30.982
39.742
38.249
38.841
39.607
34.330
69.905
46.454
34.173
35.540
40.820
41.710
38.080
41.245
36.941
38.099
34.943
35.646
39.779
43.431
45.462
46.949
39.395
43.736
35.705
35.108
36.725
36.275
43.169
33.934
33.801
34.003
47.526
34.519
47.054
37.000
44.021
40.370
34.509
37.465
40.479
42.681
41.999
43.418
49.279
56.809
51.959
39.661
47.092
37.448
42.607
35.827
39.511
44.802
49.939
44.423
41.089
34.909
40.819
43.149
44.556
49.115
52.002
47.895
43.168
62.160
49.307
60.876
86.568
59.853
49.040
61.253
80.123
85.141
84.291
78.155
59.952
103.988
77.898
134.333
100.968
89.269
141.369
151.004
157.450
125.531
112.842
149.418
151.833
134.845
127.174
117.668
154.107
165.764
197.562
203.165
190.914
171.473
103.172
110.509
218.875
155.722
212.886
135.726
187.849
242.588
228.173
222.397
209.796
214.831
225.558
127.153
186.845
150.771
168.758
119.905
168.681
114.506
116.134
172.329
120.567
109.969
140.819
121.969
85.271
96.910
134.392
151.165
143.583
142.163
91.308
108.116
68.606
82.220
86.484
102.275
91.719
90.695
120.405
70.764
63.294
67.465
68.565
61.412
55.791
64.161
65.528
70.364
46.872
52.121
60.898
61.608
59.018
54.116
49.768
52.472
59.023
54.791
56.688
65.020
69.216
65.810
60.770
51.567
59.078
65.272
72.132
66.595
51.754
88.470
88.303
78.507
52.460
69.939
49.276
50.297
45.759
76.595
63.458
57.955
58.011
73.934
68.838
85.346
65.794
73.986
82.155
75.186
77.029
65.367
48.267
49.669
46.167
52.620
62.754
56.434
48.652
63.049
61.025
58.629
63.875
77.494
69.669
66.455
55.349
70.952
71.844
69.202
63.552
70.290
69.079
60.287
54.872
58.833
53.502
57.309
59.092
52.042
57.940
53.629
57.704
57.017
61.247
46.326
54.073
64.820
54.879
49.876
61.409
50.508
51.230
49.961
51.707
53.549
60.485
59.122
55.696
57.921
47.219
47.986
51.175
56.041
57.118
62.428
44.684
53.351
45.098
48.376
52.588
45.087
48.084
49.347
43.511
43.361
43.471
46.804
50.560
44.325
46.709
50.915
45.330
41.656
53.488
46.886
50.942
45.473
53.618
46.122
45.116
43.551
42.222
51.330
51.858
46.795
49.792
38.337
42.247
48.442
48.881
58.596
50.759
42.817
53.638
52.868
61.962
52.840
55.258
59.123
56.354
52.392
54.335
62.746
67.330
47.053
46.481
76.901
57.682
63.741
63.530
61.106
84.490
79.694
56.728
69.647
76.680
83.078
71.629
57.760
95.435
121.892
90.030
87.210
88.703
108.464
84.867
95.216
102.140
83.585
70.857
92.172
102.452
57.582
104.727
86.775
59.867
72.492
78.711
89.423
99.727
73.192
94.650
92.728
116.251
96.616
103.255
107.157
110.715
75.566
91.334
99.504
111.487
84.482
107.147
141.372
164.333
82.769
78.510
84.929
75.634
78.698
81.535
71.298
86.053
72.864
69.954
74.431
90.071
68.173
72.628
82.689
100.413
93.544
69.310
82.752
84.854
88.675
83.245
67.949
80.791
85.151
80.721
72.236
94.452
72.414
63.560
74.124
111.667
78.115
81.393
62.587
96.270
85.011
92.346
79.688
92.563
73.696
95.242
62.065
86.578
95.459
91.339
86.980
72.953
71.784
83.334
62.097
67.690
62.055
85.881
117.373
137.437
85.263
85.901
109.257
73.711
80.669
101.189
88.344
122.776
93.632
119.133
98.192
93.512
94.249
99.806
68.023
91.305
111.164
88.299
87.493
110.354
91.650
94.886
130.277
110.506
107.526
106.224
101.562
80.643
67.713
92.797
81.493
72.106
75.087
72.917
87.537
86.283
85.190
89.266
73.233
74.056
51.664
54.146
59.193
66.239
67.900
68.225
66.002
57.712
56.922
66.548
71.357
84.003
69.092
69.581
59.705
81.610
77.465
78.749
101.476
81.452
59.659
83.385
67.690
73.895
108.527
129.942
116.434
189.990
158.434
147.681
185.532
174.163
190.102
111.789
156.295
116.231
111.704
86.890
82.352
100.601
120.378
130.456
93.179
157.374
172.260
145.390
159.723
94.524
164.179
159.877
183.817
173.026
109.047
149.529
158.458
163.652
201.657
211.935
150.933
206.003
207.152
157.211
154.134
160.676
180.918
143.617
90.639
118.648
127.824
152.233
181.025
165.391
152.297
104.328
94.860
83.794
135.758
75.486
107.136
93.461
93.530
118.316
106.290
103.362
125.348
125.848
133.238
75.389
127.313
31.452
31.615
37.584
36.098
45.269
38.111
45.738
40.178
50.176
31.126
46.148
45.736
54.754
49.016
36.588
36.319
50.238
51.255
41.392
46.165
40.840
41.059
43.722
51.308
40.575
45.240
49.730
46.187
50.821
42.380
50.210
44.574
47.055
41.673
47.153
39.486
38.145
33.025
35.462
35.208
43.931
50.632
49.820
50.937
51.975
55.892
62.056
57.255
59.625
58.348
60.488
46.867
50.327
58.386
53.185
47.567
57.676
59.748
67.383
52.927
53.243
52.745
61.470
64.609
79.314
66.420
74.897
74.069
67.307
72.295
61.776
80.145
63.405
74.267
70.287
83.358
88.662
68.485
65.352
56.296
54.004
82.875
49.595
59.818
61.373
44.340
65.085
57.844
53.660
53.258
53.958
39.436
42.359
41.389
41.920
52.732
56.294
42.202
39.713
35.686
39.418
40.367
30.351
35.917
35.094
44.642
43.274
38.331
40.480
34.977
36.017
33.507
45.894
37.114
38.612
44.362
41.921
43.148
44.896
36.129
43.144
46.883
33.551
43.966
44.105
40.183
37.286
39.546
49.420
52.545
64.300
51.943
52.449
52.344
51.249
55.179
59.711
55.726
63.031
62.123
61.964
82.109
71.424
69.942
83.961
83.467
69.904
57.089
65.908
56.888
57.478
65.405
66.718
79.798
76.520
72.940
74.010
74.069
64.465
63.190
77.254
65.187
62.420
71.450
67.948
67.547
74.152
65.044
74.306
65.395
82.161
53.484
59.216
79.711
64.424
72.396
64.193
76.015
89.639
73.759
84.576
68.761
54.531
71.545
58.079
71.286
58.625
72.936
59.863
54.688
78.975
66.561
62.051
57.084
61.550
91.349
69.969
48.878
57.961
88.260
84.449
52.756
67.111
56.927
59.436
62.405
60.446
46.086
55.358
46.585
40.296
49.239
56.434
54.507
50.134
50.807
54.024
55.588
70.008
89.040
72.802
93.722
103.905
96.103
69.994
74.455
69.074
77.202
96.313
88.307
86.778
90.457
96.612
76.613
79.520
102.478
78.003
63.923
80.452
66.161
63.632
59.026
68.373
66.658
71.811
47.503
48.146
58.803
50.452
48.215
54.062
47.613
48.283
46.092
60.841
70.707
50.863
78.267
69.580
74.233
71.133
64.526
77.694
71.745
58.961
76.899
53.298
66.114
87.685
69.287
71.175
82.299
71.620
81.746
68.907
72.718
57.216
45.897
48.860
74.013
64.704
71.737
54.667
72.618
52.299
69.070
58.235
52.674
52.906
48.193
73.518
57.098
69.362
56.671
49.625
65.989
55.330
58.273
63.830
66.696
76.141
66.880
66.922
71.596
55.223
50.694
55.534
55.083
76.148
54.718
81.939
67.666
75.575
75.184
73.469
89.746
75.186
70.112
74.627
108.011
90.045
76.792
52.796
71.861
64.367
59.643
59.359
63.289
87.544
70.814
68.581
75.635
58.007
57.729
71.773
77.082
57.636
49.571
47.045
59.273
51.955
69.392
41.816
49.297
48.670
61.123
52.230
57.363
53.052
54.070
54.435
47.817
57.263
50.141
41.890
61.836
71.976
42.729
38.935
60.948
40.323
67.872
41.063
51.487
47.438
45.244
54.811
49.022
56.229
54.843
63.382
44.327
54.985
74.481
53.699
46.110
63.620
43.856
48.824
34.777
36.238
51.771
34.150
39.488
47.247
52.565
62.905
63.656
37.708
50.699
40.939
39.029
43.279
44.056
31.290
34.494
35.526
33.673
29.193
27.468
32.208
31.902
29.345
29.958
29.719
35.502
30.050
32.831
34.064
28.144
30.331
30.287
38.823
31.331
40.368
39.753
34.319
36.645
35.789
36.477
44.867
35.218
43.123
43.916
45.598
43.704
42.068
37.830
46.177
36.602
46.073
38.948
38.198
36.939
36.025
36.177
38.947
38.516
36.317
37.753
39.524
36.223
34.214
32.984
40.218
31.677
44.021
48.049
40.009
48.952
46.994
48.411
39.194
37.576
46.217
41.441
33.120
50.361
47.422
38.724
30.833
36.436
34.870
38.746
46.984
45.934
41.219
44.215
30.569
29.020
31.402
43.401
37.487
36.543
36.665
42.917
37.291
34.037
34.145
33.289
30.134
36.579
34.185
34.397
32.884
31.242
32.436
33.178
29.809
34.536
28.994
39.572
28.979
32.807
28.109
27.458
31.657
31.489
31.284
30.211
31.967
31.829
32.888
44.083
45.049
44.471
34.392
45.944
42.897
42.643
45.099
39.150
42.164
36.619
44.064
40.529
42.069
50.281
35.591
36.922
33.626
30.300
34.836
35.446
45.900
43.118
33.761
43.450
33.130
50.919
45.219
47.020
33.006
39.665
38.161
47.645
46.513
47.906
44.257
37.924
39.198
35.649
38.028
39.274
45.058
34.564
35.152
32.224
37.231
36.432
43.531
33.957
40.504
34.560
33.090
31.190
32.794
30.885
30.861
31.867
30.835
30.998
40.184
31.777
29.900
32.221
30.625
28.028
37.274
35.832
28.469
37.936
28.947
28.128
34.036
29.611
34.315
30.247
35.560
27.984
28.411
32.539
29.698
46.278
40.117
37.314
41.215
43.291
40.153
38.395
41.023
48.199
44.585
49.654
46.003
46.631
43.945
45.885
48.548
40.365
46.641
48.524
42.184
51.893
55.830
38.288
40.488
36.492
46.048
43.005
37.684
43.885
45.487
34.459
44.509
47.407
46.558
47.387
42.538
47.304
57.342
39.813
44.090
59.035
45.769
42.932
43.287
39.750
44.116
47.311
48.687
37.134
45.480
37.271
35.731
49.690
35.158
42.565
46.963
42.914
48.156
42.543
43.280
44.841
40.404
34.455
42.633
38.159
46.176
40.456
42.125
38.373
37.890
38.613
41.583
50.461
42.147
50.339
43.512
41.046
40.027
52.708
45.868
40.101
49.001
47.794
44.935
41.575
50.287
63.743
52.568
59.660
45.391
49.881
53.165
77.011
65.220
57.142
51.425
50.985
64.881
58.536
52.211
51.381
47.529
45.081
53.150
44.796
53.445
56.303
60.760
52.249
22.308
55.707
51.575
48.911
52.279
59.353
45.274
50.198
45.394
37.526
52.838
62.401
46.353
40.817
59.763
56.804
61.872
39.097
52.289
48.056
63.708
45.278
54.130
46.896
37.156
56.994
51.119
38.204
41.901
55.371
41.614
43.326
55.107
45.416
51.564
46.678
54.097
61.287
67.450
55.309
55.088
40.544
35.424
38.580
37.763
34.150
30.656
30.874
30.165
32.068
38.378
28.016
34.289
28.571
23.971
30.640
28.478
25.925
33.308
41.094
46.053
40.603
50.152
41.513
45.204
53.620
41.790
42.782
45.458
44.204
41.557
44.895
44.419
37.792
36.471
38.614
37.730
46.735
60.241
46.988
49.755
58.492
46.036
47.430
39.475
41.413
41.705
37.884
48.816
36.217
40.604
41.519
34.908
33.322
38.207
26.381
23.327
29.978
31.976
24.632
26.454
30.996
29.706
24.134
26.798
32.399
31.409
40.255
47.711
38.855
47.211
36.153
45.494
42.529
30.840
32.189
40.142
38.666
29.853
34.011
31.849
33.435
43.744
31.859
30.993
31.361
39.880
35.474
30.290
32.591
41.555
32.049
37.744
31.193
31.438
31.095
31.680
31.278
34.911
31.793
29.500
41.739
39.818
29.981
32.750
33.977
40.162
36.684
34.400
46.993
45.343
30.445
30.918
37.538
39.286
31.361
45.021
42.367
45.262
41.250
34.610
40.223
37.608
41.031
50.897
38.602
39.353
38.064
37.409
37.301
49.238
41.484
38.826
36.863
37.014
51.230
39.846
39.367
59.155
42.170
46.059
34.096
38.689
38.358
42.717
41.481
36.151
48.247
52.492
54.178
47.401
45.197
40.547
49.338
44.311
42.891
37.368
51.601
55.286
52.172
63.412
52.291
55.637
62.341
43.282
58.551
56.554
52.380
56.846
49.722
52.583
59.229
62.797
51.362
56.477
60.954
49.354
65.997
49.632
61.893
46.119
55.038
68.732
51.364
69.524
46.371
52.437
39.918
51.820
51.680
41.794
53.696
55.152
47.596
40.972
40.363
46.798
33.367
34.222
34.662
32.231
37.363
33.434
33.460
27.911
36.345
31.052
35.776
40.593
39.861
30.283
30.930
35.744
36.817
29.259
40.374
31.548
85.548
87.948
80.018
84.185
